1772378224.698205471 1.4190495892652952 0.9994832353378902 0.969268085054193 2.115553546796926e-17 4.1847778076552e-12 -5.05535453495145e-06 0.9999999999872217
1772378224.698270798 1.4190495892652901 0.9994832353378902 0.969277885054193 2.112007276587517e-17 4.177762928313257e-12 -5.0553545349514505e-06 0.9999999999872219
1772378224.698297024 1.419049589265285 0.9994832353378902 0.969277885054193 2.1083669506799617e-17 4.170561997335382e-12 -5.05535453495145e-06 0.9999999999872217
1772378224.698319912 1.4190495892652801 0.9994832353378902 0.9692876850541929 2.1047303912191654e-17 4.1633685167682195e-12 -5.0553545349514505e-06 0.9999999999872219
1772378224.698342562 1.4190495892652752 0.9994832353378902 0.9692876850541929 2.1010004200220598e-17 4.155990258386441e-12 -5.05535453495145e-06 0.9999999999872217
1772378224.698364258 1.4190495892652704 0.9994832353378902 0.9692974850541929 2.097274526326772e-17 4.148620065713584e-12 -5.0553545349514505e-06 0.9999999999872219
1772378224.698385715 1.4190495892652655 0.9994832353378902 0.9692974850541929 2.093455870885365e-17 4.141066380972116e-12 -5.05535453495145e-06 0.9999999999872217
1772378224.698407173 1.4190495892652608 0.9994832353378902 0.9693072850541928 2.089641601712447e-17 4.133521372711117e-12 -5.0553545349514505e-06 0.9999999999872219
1772378224.698428154 1.4190495892652562 0.9994832353378902 0.9693072850541928 2.0857352267037166e-17 4.1257941698381005e-12 -5.05535453495145e-06 0.9999999999872217
1772378224.698449612 1.4190495892652517 0.9994832353378902 0.9693170850541928 2.0818335444221667e-17 4.118076249651683e-12 -5.0553545349514505e-06 0.9999999999872219
1772378224.708682299 1.4190495892652473 0.9994832353378902 0.9693170850541928 2.0778404180270308e-17 4.110177443806402e-12 -5.05535453495145e-06 0.9999999999872217
1772378224.708782196 1.4190495892652428 0.9994832353378902 0.9693268850541927 2.0738522884905706e-17 4.1022885222504244e-12 -5.0553545349514505e-06 0.9999999999872219
1772378224.708814144 1.4190495892652384 0.9994832353378902 0.9693268850541927 2.069773382266516e-17 4.094220035271357e-12 -5.05535453495145e-06 0.9999999999872217
1772378224.708842039 1.4190495892652342 0.9994832353378902 0.9693366850541927 2.0656997746865972e-17 4.0861620295436045e-12 -5.0553545349514505e-06 0.9999999999872219
1772378224.708870173 1.41904958926523 0.9994832353378902 0.9693366850541927 2.0615360634407462e-17 4.077925789697337e-12 -5.05535453495145e-06 0.9999999999872217
1772378224.708900452 1.419049589265226 0.9994832353378902 0.9693464850541926 2.0573779502599904e-17 4.069700623387172e-12 -5.0553545349514505e-06 0.9999999999872219
1772378226.196356058 1.4190495892652106 0.9994832353378902 0.9693660850541925 2.0402341894271453e-17 4.035788539251395e-12 -5.0553545349514505e-06 0.9999999999872219
1772378226.224587917 1.4190495892651664 0.9994832353378902 0.9694346850541922 1.975186733102687e-17 3.907118124795533e-12 -5.0553545349514505e-06 0.9999999999872219
1772378226.234060049 1.4190495892651545 0.9994832353378902 0.9694542850541921 1.9501217023801162e-17 3.857536971685771e-12 -5.05535453495145e-06 0.9999999999872217
1772378226.252313375 1.4190495892651374 0.9994832353378902 0.9695032850541918 1.902812710673735e-17 3.7639550252989705e-12 -5.0553545349514505e-06 0.9999999999872219
1772378226.270415545 1.4190495892651265 0.9994832353378902 0.9695424850541916 1.8527167717193632e-17 3.664860216799943e-12 -5.05535453495145e-06 0.9999999999872217
1772378226.292249441 1.419049589265121 0.9994832353378902 0.9696012850541913 1.788080187737875e-17 3.537002549185157e-12 -5.0553545349514505e-06 0.9999999999872219
1772378226.752334356 1.4190495892663713 0.9994832353378902 0.9707282850541854 1.1833810886240713e-18 2.3408468791903244e-13 -5.0553545349514505e-06 0.9999999999872219
1772378226.752388000 1.4190495892663797 0.9994832353378902 0.9707282850541854 1.1170308939272316e-18 2.2095995171363355e-13 -5.05535453495145e-06 0.9999999999872217
1772378226.752407551 1.4190495892663881 0.9994832353378902 0.9707380850541854 1.0508922976302407e-18 2.0787707180107886e-13 -5.0553545349514505e-06 0.9999999999872219
1772378226.752425671 1.4190495892663966 0.9994832353378902 0.9707380850541854 9.849134080028515e-19 1.9482578347492905e-13 -5.05535453495145e-06 0.9999999999872217
1772378226.759241819 1.419049589266405 0.9994832353378902 0.9707478850541853 9.191454697217338e-19 1.818162234479144e-13 -5.0553545349514505e-06 0.9999999999872219
1772378226.778161049 1.419049589266481 0.9994832353378902 0.9707870850541851 3.3571530026810265e-19 6.640786476354402e-14 -5.05535453495145e-06 0.9999999999872217
1772378226.780273438 1.4190495892664894 0.9994832353378902 0.970796885054185 2.7187090471987574e-19 5.377880084606256e-14 -5.0553545349514505e-06 0.9999999999872219
1772378226.788073301 1.4190495892665231 0.9994832353378902 0.9708164850541849 1.847899526424825e-20 3.6553312257637136e-15 -5.0553545349514505e-06 0.9999999999872219
1772378228.247806311 1.4190495892673936 0.9994832353378902 0.9743836850541663 1.9827927617509017e-18 3.9221636148554627e-13 -5.0553545349514505e-06 0.9999999999872219
1772378228.276816845 1.4190495892673516 0.9994832353378902 0.9744522850541659 2.174557255026534e-18 4.301493080173355e-13 -5.0553545349514505e-06 0.9999999999872219
1772378228.286062002 1.4190495892673372 0.9994832353378902 0.9744718850541658 2.238334782714972e-18 4.427651447992701e-13 -5.05535453495145e-06 0.9999999999872217
1772378228.304158688 1.4190495892673112 0.9994832353378902 0.9745208850541656 2.346968588421272e-18 4.642540047702373e-13 -5.0553545349514505e-06 0.9999999999872219
1772378228.322612762 1.419049589267286 0.9994832353378902 0.9745600850541654 2.447518315292073e-18 4.84143752595954e-13 -5.05535453495145e-06 0.9999999999872217
1772378228.344131708 1.4190495892672568 0.9994832353378902 0.974618885054165 2.559576394570917e-18 5.063099683386878e-13 -5.0553545349514505e-06 0.9999999999872219
1772378228.672193050 1.4190495892669754 0.9994832353378902 0.9754224850541608 2.9130145726082157e-18 5.762235966696808e-13 -5.0553545349514505e-06 0.9999999999872219
1772378228.804156542 1.419049589266949 0.9994832353378902 0.9757458850541592 2.4994703091013985e-18 4.944203797754706e-13 -5.0553545349514505e-06 0.9999999999872219
1772378228.804180622 1.419049589266949 0.9994832353378902 0.9757458850541592 2.491508765641089e-18 4.928455063605321e-13 -5.05535453495145e-06 0.9999999999872217
1772378228.804185152 1.419049589266949 0.9994832353378902 0.9757556850541591 2.4835629623240035e-18 4.912737465043193e-13 -5.0553545349514505e-06 0.9999999999872219
1772378228.840099812 1.419049589266949 0.9994832353378902 0.9758340850541587 2.3505462980108563e-18 4.649617117317947e-13 -5.0553545349514505e-06 0.9999999999872219
1772378230.299679756 1.419049589267375 0.9994832353378902 0.97940128505414 -4.967535674757538e-19 -9.826285457054515e-14 -5.0553545349514505e-06 0.9999999999872219
1772378230.332758904 1.4190495892673687 0.9994832353378902 0.9794698850541397 -4.426299398658492e-19 -8.755665637317606e-14 -5.0553545349514505e-06 0.9999999999872219
1772378230.338219881 1.4190495892673665 0.9994832353378902 0.9794894850541396 -4.232750721866993e-19 -8.372806877460697e-14 -5.05535453495145e-06 0.9999999999872217
1772378230.374226332 1.4190495892673585 0.9994832353378902 0.9795776850541391 -3.537968006847723e-19 -6.998456749875567e-14 -5.05535453495145e-06 0.9999999999872217
1772378230.396393538 1.4190495892673536 0.9994832353378902 0.9796364850541388 -3.116630283622475e-19 -6.16500833333706e-14 -5.0553545349514505e-06 0.9999999999872219
1772378230.397773743 1.4190495892673531 0.9994832353378902 0.9796364850541388 -3.0784666734970223e-19 -6.089516872033821e-14 -5.05535453495145e-06 0.9999999999872217
1772378230.397829056 1.4190495892673527 0.9994832353378902 0.9796462850541388 -3.040409031985992e-19 -6.01423502731373e-14 -5.0553545349514505e-06 0.9999999999872219
1772378230.410349131 1.4190495892673505 0.9994832353378902 0.9796658850541387 -2.850450613467277e-19 -5.638478159614611e-14 -5.05535453495145e-06 0.9999999999872217
1772378230.724022865 1.4190495892672808 0.9994832353378902 0.9804400850541346 2.1292854500248872e-19 4.211940894086171e-14 -5.0553545349514505e-06 0.9999999999872219
1772378230.724221706 1.4190495892672803 0.9994832353378902 0.9804400850541346 2.1523855440538539e-19 4.2576352046809946e-14 -5.05535453495145e-06 0.9999999999872217
1772378230.752271414 1.4190495892672745 0.9994832353378902 0.9805086850541342 2.441145355917206e-19 4.828831170984965e-14 -5.0553545349514505e-06 0.9999999999872219
1772378230.856822968 1.4190495892672514 0.9994832353378902 0.9807634850541329 3.3700358541865095e-19 6.666270052545607e-14 -5.0553545349514505e-06 0.9999999999872219
1772378230.856891155 1.419049589267251 0.9994832353378902 0.9807634850541329 3.3842712341232254e-19 6.694429066593298e-14 -5.05535453495145e-06 0.9999999999872217
1772378230.856911182 1.4190495892672506 0.9994832353378902 0.9807732850541329 3.3984487599883326e-19 6.722473639465382e-14 -5.0553545349514505e-06 0.9999999999872219
1772378230.892868042 1.4190495892672434 0.9994832353378902 0.9808516850541324 3.6062622477368014e-19 7.133549630891328e-14 -5.0553545349514505e-06 0.9999999999872219
1772378232.350219727 1.4190495892672794 0.9994832353378902 0.9844188850541138 -1.5062687729219227e-19 -2.9795512114676896e-14 -5.0553545349514505e-06 0.9999999999872219
1772378232.378071308 1.4190495892672794 0.9994832353378902 0.9844874850541134 -1.5019656117296758e-19 -2.971039125594754e-14 -5.0553545349514505e-06 0.9999999999872219
1772378232.387998819 1.4190495892672794 0.9994832353378902 0.9845070850541133 -1.498518272861336e-19 -2.964219942401208e-14 -5.05535453495145e-06 0.9999999999872217
1772378232.424192429 1.4190495892672794 0.9994832353378902 0.9845952850541129 -1.4782851529833362e-19 -2.924196795186568e-14 -5.05535453495145e-06 0.9999999999872217
1772378232.460214376 1.4190495892672794 0.9994832353378902 0.9846834850541124 -1.4463778161812322e-19 -2.8610808720978475e-14 -5.05535453495145e-06 0.9999999999872217
1772378232.804676294 1.4190495892672794 0.9994832353378902 0.985526285054108 -7.477178859437818e-20 -1.4790612226424413e-14 -5.0553545349514505e-06 0.9999999999872219
1772378232.804722071 1.4190495892672794 0.9994832353378902 0.985526285054108 -7.424566626400999e-20 -1.468653993501075e-14 -5.05535453495145e-06 0.9999999999872217
1772378232.850673676 1.4190495892672794 0.9994832353378902 0.9856340850541074 -6.261819349942937e-20 -1.2386508812756074e-14 -5.05535453495145e-06 0.9999999999872217
1772378232.908179045 1.4190495892672794 0.9994832353378902 0.9857810850541067 -4.72718176808543e-20 -9.350841242407469e-15 -5.0553545349514505e-06 0.9999999999872219
1772378232.908204079 1.4190495892672794 0.9994832353378902 0.9857810850541067 -4.674536472189907e-20 -9.246703549332056e-15 -5.05535453495145e-06 0.9999999999872217
1772378232.908208132 1.4190495892672794 0.9994832353378902 0.9857908850541066 -4.622036379895107e-20 -9.14285308359098e-15 -5.0553545349514505e-06 0.9999999999872219
1772378232.910160303 1.4190495892672794 0.9994832353378902 0.9857908850541066 -4.569465794052576e-20 -9.038863174518595e-15 -5.05535453495145e-06 0.9999999999872217
1772378232.910175085 1.4190495892672794 0.9994832353378902 0.9858006850541066 -4.517040621513637e-20 -8.935160907593925e-15 -5.0553545349514505e-06 0.9999999999872219
1772378232.910179138 1.4190495892672794 0.9994832353378902 0.9858006850541066 -4.4645500070903865e-20 -8.831329190036549e-15 -5.05535453495145e-06 0.9999999999872217
1772378232.928256989 1.4190495892672794 0.9994832353378902 0.9858300850541064 -4.203055760862611e-20 -8.314067256345483e-15 -5.0553545349514505e-06 0.9999999999872219
1772378232.944121599 1.4190495892672794 0.9994832353378902 0.9858692850541062 -3.787131800941245e-20 -7.49132780841903e-15 -5.0553545349514505e-06 0.9999999999872219
1772378232.961487532 1.4190495892672794 0.9994832353378902 0.985908485054106 -3.3749069108399586e-20 -6.675905492840908e-15 -5.0553545349514505e-06 0.9999999999872219
1772378232.980555773 1.4190495892672794 0.9994832353378902 0.9859574850541057 -2.865770000557965e-20 -5.6687814489083265e-15 -5.0553545349514505e-06 0.9999999999872219
1772378234.402675152 1.4190495892672794 0.9994832353378902 0.9894364850540875 -2.4629104111777683e-21 -4.871884640445006e-16 -5.0553545349514505e-06 0.9999999999872219
1772378234.430821419 1.4190495892672794 0.9994832353378902 0.9895050850540872 -4.556325824709689e-21 -9.012870992703987e-16 -5.0553545349514505e-06 0.9999999999872219
1772378234.440326691 1.4190495892672794 0.9994832353378902 0.9895246850540871 -5.276303649760895e-21 -1.0437059583365202e-15 -5.05535453495145e-06 0.9999999999872217
1772378234.476806402 1.4190495892672794 0.9994832353378902 0.9896128850540866 -7.742909962858555e-21 -1.5316255089861913e-15 -5.05535453495145e-06 0.9999999999872217
1772378234.477652788 1.4190495892672794 0.9994832353378902 0.9896226850540866 -7.874135787353207e-21 -1.5575832976211613e-15 -5.0553545349514505e-06 0.9999999999872219
1772378234.512546301 1.4190495892672794 0.9994832353378902 0.9897010850540862 -1.0005482687022841e-20 -1.9791851625169284e-15 -5.05535453495145e-06 0.9999999999872217
1772378234.552843809 1.4190495892672794 0.9994832353378902 0.9897990850540856 -1.227036114971035e-20 -2.427200914330771e-15 -5.05535453495145e-06 0.9999999999872217
1772378234.553636551 1.4190495892672794 0.9994832353378902 0.9898088850540856 -1.2376717645298408e-20 -2.4482392994433374e-15 -5.0553545349514505e-06 0.9999999999872219
1772378234.621639490 1.4190495892672794 0.9994832353378902 0.9899656850540848 -1.5499110453623672e-20 -3.0658800181514003e-15 -5.05535453495145e-06 0.9999999999872217
1772378234.902149439 1.4190495892672794 0.9994832353378902 0.9906516850540812 -2.0638667573862976e-20 -4.082536136860945e-15 -5.05535453495145e-06 0.9999999999872217
1772378234.980284929 1.4190495892672794 0.9994832353378902 0.9908476850540802 -1.999224374953116e-20 -3.954666999326484e-15 -5.0553545349514505e-06 0.9999999999872219
1772378234.980632544 1.4190495892672794 0.9994832353378902 0.9908476850540802 -1.996557984578224e-20 -3.9493926108411604e-15 -5.05535453495145e-06 0.9999999999872217
1772378234.980727434 1.4190495892672794 0.9994832353378902 0.9908574850540801 -1.9938913919828312e-20 -3.944117822343338e-15 -5.0553545349514505e-06 0.9999999999872219
1772378234.996228933 1.4190495892672794 0.9994832353378902 0.99088688505408 -1.9767923893969003e-20 -3.910294274524148e-15 -5.0553545349514505e-06 0.9999999999872219
1772378234.996302366 1.4190495892672794 0.9994832353378902 0.99088688505408 -1.9737616410911345e-20 -3.904299149385539e-15 -5.05535453495145e-06 0.9999999999872217
1772378235.011936426 1.4190495892672794 0.9994832353378902 0.9909260850540798 -1.95149332829512e-20 -3.860250185773529e-15 -5.0553545349514505e-06 0.9999999999872219
1772378235.032419205 1.4190495892672794 0.9994832353378902 0.9909750850540795 -1.916013424953608e-20 -3.7900673665556836e-15 -5.0553545349514505e-06 0.9999999999872219
1772378235.032451868 1.4190495892672794 0.9994832353378902 0.9909750850540795 -1.9122156290183476e-20 -3.782554944016502e-15 -5.05535453495145e-06 0.9999999999872217
1772378235.038103819 1.4190495892672794 0.9994832353378902 0.9909848850540794 -1.9045431536414358e-20 -3.767378015625566e-15 -5.05535453495145e-06 0.9999999999872217
1772378236.454417467 1.4190495892672794 0.9994832353378902 0.9944540850540613 5.667052650891625e-21 1.1210000429530074e-15 -5.0553545349514505e-06 0.9999999999872219
1772378236.482335806 1.4190495892672794 0.9994832353378902 0.9945226850540609 5.335051331503811e-21 1.055326840987154e-15 -5.0553545349514505e-06 0.9999999999872219
1772378236.492315054 1.4190495892672794 0.9994832353378902 0.9945422850540608 5.213047859038918e-21 1.0311933263899896e-15 -5.05535453495145e-06 0.9999999999872217
1772378236.564323664 1.4190495892672794 0.9994832353378902 0.9947186850540599 4.294404127484432e-21 8.494763518059212e-16 -5.05535453495145e-06 0.9999999999872217
1772378236.672330141 1.4190495892672794 0.9994832353378902 0.9949832850540585 2.846259251678663e-21 5.630187224203688e-16 -5.05535453495145e-06 0.9999999999872217
1772378236.673829079 1.4190495892672794 0.9994832353378902 0.9949930850540585 2.819335740921516e-21 5.576929810563082e-16 -5.0553545349514505e-06 0.9999999999872219
1772378236.697078705 1.4190495892672794 0.9994832353378902 0.9950420850540582 2.523512768338185e-21 4.991762201577216e-16 -5.05535453495145e-06 0.9999999999872217
1772378236.814484358 1.4190495892672794 0.9994832353378902 0.9953262850540567 1.0165846643747454e-21 2.010906766958156e-16 -5.05535453495145e-06 0.9999999999872217
1772378236.815706253 1.4190495892672794 0.9994832353378902 0.9953360850540567 9.918087308980677e-22 1.9618974772929818e-16 -5.0553545349514505e-06 0.9999999999872219
1772378236.901981354 1.4190495892672794 0.9994832353378902 0.9955418850540556 -1.89454971439931e-23 -3.747609985413787e-18 -5.05535453495145e-06 0.9999999999872217
1772378236.954209089 1.4190495892672794 0.9994832353378902 0.9956692850540549 -5.688976240863719e-22 -1.1253367496530733e-16 -5.05535453495145e-06 0.9999999999872217
1772378237.048132896 1.4190495892672794 0.9994832353378902 0.9959044850540537 -1.4237759313194844e-21 -2.8163720693573355e-16 -5.0553545349514505e-06 0.9999999999872219
1772378237.048215866 1.4190495892672794 0.9994832353378902 0.9959044850540537 -1.4398546527359561e-21 -2.848177398350828e-16 -5.05535453495145e-06 0.9999999999872217
1772378237.064432859 1.4190495892672794 0.9994832353378902 0.9959436850540535 -1.5500004083829782e-21 -3.0660567871933826e-16 -5.0553545349514505e-06 0.9999999999872219
1772378237.090486050 1.4190495892672794 0.9994832353378902 0.9960024850540532 -1.7426073411022553e-21 -3.447052682506913e-16 -5.05535453495145e-06 0.9999999999872217
1772378238.506588697 1.4190495892672794 0.9994832353378902 0.999471685054035 9.550324997749014e-22 1.8891503912494202e-16 -5.0553545349514505e-06 0.9999999999872219
1772378238.534634113 1.4190495892672794 0.9994832353378902 0.9995402850540347 9.88191617908261e-22 1.9547424637813066e-16 -5.0553545349514505e-06 0.9999999999872219
1772378238.544301987 1.4190495892672794 0.9994832353378902 0.9995598850540346 9.984232488691936e-22 1.9749816594502156e-16 -5.05535453495145e-06 0.9999999999872217
1772378238.617126942 1.4190495892672794 0.9994832353378902 0.9997362850540337 1.0480428622543776e-21 2.073134248041e-16 -5.05535453495145e-06 0.9999999999872217
1772378238.955292940 1.4190495892672794 0.9994832353378902 1.0005594850540294 8.212429817218679e-22 1.6245012610568656e-16 -5.05535453495145e-06 0.9999999999872217
1772378238.957259178 1.4190495892672794 0.9994832353378902 1.0005692850540293 8.182564465362871e-22 1.6185935939192065e-16 -5.0553545349514505e-06 0.9999999999872219
1772378238.991109133 1.4190495892672794 0.9994832353378902 1.000647685054029 7.654608898942552e-22 1.514158669966365e-16 -5.05535453495145e-06 0.9999999999872217
1772378239.007377863 1.4190495892672794 0.9994832353378902 1.0006868850540287 7.395138948583596e-22 1.4628329026910583e-16 -5.05535453495145e-06 0.9999999999872217
1772378239.093220234 1.4190495892672794 0.9994832353378902 1.0009024850540276 5.908953295597208e-22 1.1688504247679525e-16 -5.0553545349514505e-06 0.9999999999872219
1772378239.101660967 1.4190495892672794 0.9994832353378902 1.0009220850540275 5.764858745736922e-22 1.1403470727553467e-16 -5.0553545349514505e-06 0.9999999999872219
1772378239.101724863 1.4190495892672794 0.9994832353378902 1.0009220850540275 5.728659112510434e-22 1.1331864210195088e-16 -5.05535453495145e-06 0.9999999999872217
1772378239.118080139 1.4190495892672794 0.9994832353378902 1.0009612850540273 5.4746928244555925e-22 1.08294933353229e-16 -5.0553545349514505e-06 0.9999999999872219
1772378239.143483400 1.4190495892672794 0.9994832353378902 1.001020085054027 4.998747365590964e-22 9.888025322412202e-17 -5.05535453495145e-06 0.9999999999872217
1772378240.560170650 1.460440633008055 0.9994828168450908 1.0041845615566416 1.3038184102928562e-07 0.025790840212331766 -5.053672926652839e-06 0.9996673609434218
1772378240.588199377 1.4633320048021392 0.9994827876112721 1.0042308100773576 1.2758036673128736e-07 0.025236680404430303 -5.053744426074469e-06 0.9996815042485322
1772378240.598158360 1.464388017202628 0.999482776934238 1.0042423193072967 1.2651263689526318e-07 0.02502547269810061 -5.053771267752416e-06 0.999686813802543
1772378241.042636156 1.521737080371994 0.999482197094544 1.0049633008764214 5.999056875079246e-08 0.011866738195168414 -5.054998576232732e-06 0.9999295877705843
1772378241.058278561 1.5240997965663412 0.9994821732058081 1.004990495130132 5.744095053473967e-08 0.011362398054750412 -5.055028190945691e-06 0.9999354458588258
1772378241.144083977 1.5370282754121138 0.9994820424897193 1.0051443554298682 4.422160247737859e-08 0.008747477980243886 -5.0551611175043994e-06 0.9999617400698032
1772378241.151916742 1.538248468903396 0.9994820301526978 1.0051584609036965 4.304229783032636e-08 0.008514199653494741 -5.055171296271913e-06 0.9999637535324487
1772378241.151956558 1.5385538545817605 0.999482027065032 1.0051570926959403 4.2748509340000686e-08 0.008456085333660051 -5.055173789198861e-06 0.9999642466584859
1772378241.153735876 1.5388595718662164 0.9994820239740134 1.005165529926739 4.245633751365307e-08 0.008398290806229012 -5.055176251473225e-06 0.9999647337211335
1772378241.153781176 1.5391652891506722 0.9994820208829949 1.0051641671575378 4.216380579630937e-08 0.008340425088737297 -5.055178699861631e-06 0.9999652180369988
1772378241.168452263 1.540696796636223 0.9994820053983683 1.0051868024068904 4.071364937710369e-08 0.008053569555824397 -5.055190587189405e-06 0.9999675694700568
1772378241.194142818 1.5446965610057346 0.9994819649579145 1.0052283299024036 3.7019246957255685e-08 0.007322779579719139 -5.0552189912414945e-06 0.9999731880773955
1772378241.236242294 1.5512081593615323 0.9994818991210378 1.0053092164487454 3.1307901683537354e-08 0.006193018010246911 -5.055257588822365e-06 0.9999808230673068
1772378241.340782166 1.5675433345989287 0.9994817339608333 1.0055025808972904 1.8701237088438038e-08 0.0036992928901235316 -5.055319944156384e-06 0.999993157579869
1772378242.612463474 1.7686455703291004 0.9994797006746359 1.0082539279406326 1.3274112908766528e-08 0.0026257531132231142 -5.055337107649785e-06 0.999996552691574
1772378242.640742779 1.7731343119114986 0.9994796552902754 1.0083193060032423 1.3857641496097854e-08 0.002741180939954053 -5.055335541764422e-06 0.9999962429436912
1772378242.650644302 1.7747399362210479 0.999479639056275 1.0083377787809726 1.4052610251988105e-08 0.002779747721876028 -5.055335003558075e-06 0.9999961364810598
1772378243.094438076 1.8475594558713995 0.9994789027992974 1.009385443661184 1.5469046042046993e-08 0.003059932975006699 -5.055330867774041e-06 0.9999953183813571
1772378243.110571623 1.8502410369286706 0.9994788756866115 1.0094234905808195 1.5283367343526666e-08 0.003023203859920068 -5.055331432531121e-06 0.9999954300959905
1772378243.196193695 1.864718242615409 0.9994787293117968 1.0096331829353067 1.4082605148064173e-08 0.002785681014164059 -5.055334920090527e-06 0.999996119970338
1772378243.220390797 1.868776794449326 0.9994786882769601 1.009690419207325 1.3693737203798642e-08 0.002708759021537817 -5.055335988400357e-06 0.9999963312927737
1772378243.248631477 1.8731821527247627 0.9994786437356642 1.0097475657742367 1.3249867085402653e-08 0.0026209570453714537 -5.0553371712554075e-06 0.9999965652734062
1772378243.288328648 1.8803167740941302 0.999478571599583 1.0098527831767805 1.24900087505509e-08 0.002470649420141892 -5.055339105711484e-06 0.9999969479282856
1772378243.393751860 1.898072351714397 0.999478392078103 1.0101016421584292 1.043846423813403e-08 0.0020648332705115037 -5.055343758095843e-06 0.999997868216732
1772378243.394192696 1.8984149279733582 0.9994783886144141 1.0101015339776347 1.0397238058909042e-08 0.002056678317394085 -5.055343843053111e-06 0.9999978850221347
1772378243.405732632 1.9001285316920793 0.9994783712886653 1.010130397190685 1.0191205191785313e-08 0.0020159229429299167 -5.055344262598836e-06 0.9999979680125014
1772378243.668235302 1.9453158793118865 0.9994779144125392 1.0107552596001457 4.814009867370057e-09 0.0009522595960431549 -5.05535224285739e-06 0.9999995465879499
1772378243.708583117 1.9522516019158747 0.9994778442874661 1.010851710700938 4.064495662633261e-09 0.0008039981438452768 -5.055352901027707e-06 0.9999996767806618
1772378243.710361719 1.9525985708759976 0.9994778407793639 1.0108614352926655 4.027949854352667e-09 0.0007967690152001051 -5.0553529302783825e-06 0.9999996825667397
1772378243.716243982 1.9536395396574193 0.9994778302544314 1.0108710097974936 3.9186573747092954e-09 0.0007751498628960828 -5.055353016177863e-06 0.9999996995585215
1772378244.664201498 2.1179222248412573 0.9994761692399965 1.013172777753746 -7.80442193156212e-10 -0.00015437931954124633 -5.055354474709385e-06 0.9999999880707346
1772378244.692104101 2.122770118467103 0.9994761202243542 1.0132410597390833 -6.428426679850631e-10 -0.0001271607487727677 -5.055354494079274e-06 0.9999999919022936
1772378244.693006039 2.123116377869353 0.9994761167234261 1.0132410374187075 -6.328451150512381e-10 -0.00012518313219522155 -5.055354495340686e-06 0.9999999921518135
1772378244.699999094 2.124155136602655 0.9994761062208387 1.0132605709022218 -6.027671979669127e-10 -0.00011923341751626528 -5.0553544990164554e-06 0.9999999928789177
1772378244.700025558 2.1245013863458695 0.9994761027200083 1.0132605488038982 -5.926947986110562e-10 -0.00011724099556324787 -5.055354500207388e-06 0.9999999931144962
1772378244.704274893 2.124847631493211 0.9994760992192243 1.0132703268157968 -5.826184698184399e-10 -0.00011524779632809666 -5.055354501378704e-06 0.9999999933461944
1772378244.726587772 2.128656201229453 0.9994760607118838 1.013319088216178 -4.706305857070343e-10 -9.309546589594363e-05 -5.055354513044664e-06 0.9999999956538389
1772378245.146299601 2.2013837658293856 0.9994753253846373 1.0143445931469015 1.4822313959056816e-09 0.0002932002860806396 -5.055354317656114e-06 0.999999957004017
1772378245.146925449 2.201730462617632 0.999475321879287 1.014354380492581 1.4887390219302065e-09 0.00029448755999574255 -5.055354315743887e-06 0.9999999566257592
1772378245.162278652 2.20415748005228 0.9994752973404197 1.0143836926483276 1.5330641110696965e-09 0.00030325550867915516 -5.05535430249638e-06 0.9999999540052689
1772378245.218291759 2.2138685522305677 0.9994751991545938 1.0145205558885033 1.6908596381247947e-09 0.00033446905185640746 -5.055354252181338e-06 0.999999944052447
1772378245.298702955 2.2277505120265637 0.9994750587981369 1.014716112544733 1.8601077784029557e-09 0.00036794803717896194 -5.055354192739943e-06 0.9999999322943404
1772378245.341317654 2.235043100045922 0.9994749850649008 1.0148236961936914 1.9220960129399513e-09 0.0003802099337695207 -5.055354169551444e-06 0.9999999277074223
1772378245.457999945 2.255201792255167 0.9994747812462286 1.0151073513795013 1.998995757076107e-09 0.00039542147701607797 -5.055354139728516e-06 0.9999999218081466
1772378245.459141016 2.255549579054837 0.9994747777298574 1.0151073426095014 1.999127108781777e-09 0.00039544745970527574 -5.055354139676574e-06 0.999999921797872
1772378245.493985653 2.2614632101893726 0.9994747179388536 1.015195396781861 1.9959965308257804e-09 0.0003948281998819849 -5.05535414091358e-06 0.9999999220425649
1772378245.648185968 2.288276123393877 0.999474446841289 1.0155672037104946 1.8571710688942021e-09 0.0003673671264854092 -5.0553541938196425e-06 0.9999999325079166
1772378245.720360279 2.300826914821471 0.9994743199438885 1.0157433607217012 1.7333286411587963e-09 0.0003428698480299265 -5.055354237798381e-06 0.9999999412073537
1772378245.768197775 2.3091989855949517 0.9994742352963168 1.0158608096752126 1.6345511107386945e-09 0.00032333065849614735 -5.055354270701204e-06 0.9999999477158631
1772378245.770025492 2.3095479058275603 0.9994742317684859 1.015870603570569 1.6302110057341961e-09 0.0003224721420509728 -5.055354272102629e-06 0.9999999479930792
1772378245.846205950 2.3228112771710183 0.9994740976663976 1.0160565816323717 1.452531109476794e-09 0.0002873252705453783 -5.055354326277001e-06 0.9999999587093154
1772378246.716145515 2.4746051215773144 0.9994725629229967 1.0181816868100964 -2.7711294686769284e-10 -5.481572952955613e-05 -5.055354527356385e-06 0.9999999984848397
1772378246.752194405 2.480902295921649 0.9994724992540992 1.0182698531311989 -2.9182101971183507e-10 -5.7725134348188174e-05 -5.055354526528755e-06 0.9999999983211262
1772378246.778257847 2.4854500289161425 0.9994724532732941 1.0183286297266698 -2.9936734655577834e-10 -5.921787373800353e-05 -5.0553545260875115e-06 0.9999999982338434
1772378247.216175318 2.5616841186828667 0.9994716824925924 1.0193965316099136 -1.4509049170487148e-10 -2.8700359331811552e-05 -5.055354532869389e-06 0.9999999995753664
1772378247.272100449 2.571472728779071 0.9994715835228034 1.0195337037604824 -1.0349738744323323e-10 -2.0472824749729252e-05 -5.055354533892026e-06 0.9999999997776535
1772378247.352249622 2.5854559441588476 0.9994714421425803 1.0197296672126248 -4.266033995588904e-11 -8.438644542230875e-06 -5.0553545347714695e-06 0.9999999999516164
1772378247.352333069 2.585805519499542 0.9994714386081257 1.0197394663461041 -4.11415758438015e-11 -8.13821771725473e-06 -5.055354534784058e-06 0.9999999999541065
1772378247.360467911 2.5868542449071468 0.9994714280047681 1.019749263755205 -3.658786095397616e-11 -7.237447087168864e-06 -5.055354534819067e-06 0.9999999999610314
1772378247.546118975 2.619364864763375 0.9994710992993485 1.0202097924088926 9.539403976197407e-11 1.8869901032813057e-05 -5.055354534051428e-06 0.9999999998091851
1772378247.700645208 2.6462844464365887 0.9994708271232902 1.0205821446817 1.7927193832192415e-10 3.546179344685207e-05 -5.055354531772811e-06 0.9999999993584523
1772378247.733242512 2.6511793069105565 0.99947077763278 1.0206507369449844 1.9117956317350798e-10 3.781724147114147e-05 -5.055354531336522e-06 0.9999999992721498
1772378247.804000378 2.6588715270866468 0.9994706998589797 1.0207585253171405 2.0763369962231375e-10 4.1072035241755283e-05 -5.055354530687497e-06 0.9999999991437657
1772378247.928220272 2.6809014859857823 0.999470477120474 1.0210720953116914 2.391490182244954e-10 4.7306082405775004e-05 -5.055354529294864e-06 0.999999998868289
1772378248.414127111 2.7666082597608934 0.9994696105642178 1.0222676141614941 1.7619568947113807e-10 3.485328046728869e-05 -5.0553545318809586e-06 0.9999999993798462
1772378248.793546677 2.8327535233692065 0.9994689417887014 1.0231985776466166 4.5291141087201825e-11 8.959043480202335e-06 -5.055354534748565e-06 0.9999999999470895
1772378248.829697609 2.839053679410153 0.9994688780896568 1.0232867749832162 3.4219614121316773e-11 6.768984031524346e-06 -5.055354534835632e-06 0.9999999999643122
1772378248.855771780 2.843603819598375 0.9994688320845131 1.0233455731327457 2.6568964683176014e-11 5.2556085827580455e-06 -5.05535453488163e-06 0.999999999973411
1772378249.292310476 2.91990568629447 0.9994680606185387 1.024413749610434 -4.7269333798106356e-11 -9.350349905302907e-06 -5.055354534730445e-06 0.9999999999435073
1772378249.348026752 2.929705478384731 0.9994679615356918 1.0245509474159604 -4.907608196283601e-11 -9.707742873920047e-06 -5.055354534713231e-06 0.9999999999401016
1772378249.436089754 2.9451048505195674 0.9994678058371202 1.0247665442626719 -4.890611789621078e-11 -9.674122271147645e-06 -5.055354534714877e-06 0.9999999999404273
1772378249.776268959 3.004599291958022 0.9994672043061306 1.02559953486754 -2.4243379510308045e-11 -4.795584432665628e-06 -5.055354534893319e-06 0.9999999999757229
1772378249.804267645 3.0094986651076683 0.999467154769994 1.0256681342572094 -2.127524537578713e-11 -4.208457631978124e-06 -5.0553545349066865e-06 0.9999999999783662
1772378249.848107576 3.0171976482776524 0.9994670769278149 1.025775933340292 -1.6529937621793663e-11 -3.269788005339977e-06 -5.055354534924435e-06 0.999999999981876
1772378249.894669056 3.025246552191203 0.9994669955476894 1.0258935324342404 -1.1532975514019359e-11 -2.2813386150815837e-06 -5.055354534938306e-06 0.9999999999846194
1772378250.466965914 3.124983845278127 0.9994659871329363 1.0272851246368921 3.028253184333244e-11 5.990189537185186e-06 -5.055354534860778e-06 0.9999999999692806
1772378250.845812798 3.191129732464446 0.9994653183511143 1.0282161218060253 2.6275269386029144e-11 5.197512697272685e-06 -5.0553545348831965e-06 0.9999999999737146
1772378250.881797314 3.1974295508485366 0.9994652546554839 1.028304321599384 2.4924723604277492e-11 4.930361150850813e-06 -5.055354534890039e-06 0.9999999999750675
1772378250.907886744 3.201979439203071 0.9994652086528866 1.028363121455774 2.3884476976217858e-11 4.7245898996284946e-06 -5.0553545348950635e-06 0.9999999999760608
1772378251.344051123 3.278279295959578 0.9994644372072332 1.0294313196279397 4.054746412094125e-12 8.020696437256021e-07 -5.0553545349499055e-06 0.9999999999869001
1772378251.400028467 3.2880794076399003 0.999464338121155 1.0295685194574116 1.863609673791708e-12 3.6864074703457955e-07 -5.05535453495119e-06 0.9999999999871538
1772378251.488359451 3.303479592333308 0.999464182414368 1.0297841192124821 -1.1634216472035215e-12 -2.3013650989911887e-07 -5.055354534951403e-06 0.9999999999871954
1772378251.829344511 3.3629800810782244 0.9994635808222365 1.030617118483551 -7.302098211444122e-12 -1.4444285092269458e-06 -5.055354534946271e-06 0.9999999999861786
1772378251.901928902 3.3755800947579653 0.9994634534271638 1.0307935183651127 -7.493400105263852e-12 -1.4822699489743636e-06 -5.0553545349459905e-06 0.9999999999861233
1772378251.947929621 3.3836300838338147 0.9994633720360664 1.0309111182948403 -7.442094989860273e-12 -1.4721212808748412e-06 -5.055354534946067e-06 0.9999999999861381
1772378252.322354078 3.4490794876540454 0.9994627102961853 1.0318225178514104 -3.5906010586970992e-12 -7.102570229966313e-07 -5.055354534950266e-06 0.9999999999869694
1772378252.518593073 3.483378940517629 0.9994623635043964 1.0323027176897992 -6.2939179321263e-13 -1.2450003099953817e-07 -5.055354534951503e-06 0.9999999999872139
1772378252.846314192 3.5407780170581153 0.9994617831590338 1.0331063174941437 3.098128430906489e-12 6.128409802596232e-07 -5.055354534950585e-06 0.9999999999870339
1772378252.896977663 3.549527896572762 0.9994616946915478 1.0332337174707646 3.429478751717262e-12 6.783854081971934e-07 -5.055354534950371e-06 0.9999999999869917
1772378252.933484793 3.5558278149160913 0.9994616309949063 1.0333219174548134 3.624629429606834e-12 7.169881761574901e-07 -5.055354534950236e-06 0.9999999999869649
1772378252.959715366 3.5603777587515095 0.9994615849917479 1.033380717443731 3.7429886574461236e-12 7.404008225207307e-07 -5.055354534950149e-06 0.9999999999869477
1772378253.396453857 3.636677200692424 0.999460813550288 1.034448917302751 3.301304854340824e-12 6.530313218718478e-07 -5.055354534950459e-06 0.9999999999870085
1772378253.432459593 3.6429771853912953 0.9994607498529755 1.0345371172941864 3.113753564103829e-12 6.15931789316236e-07 -5.055354534950579e-06 0.999999999987032
1772378253.452565432 3.6464771785959718 0.9994607144655625 1.0345861172895923 3.0038785685671237e-12 5.941974095152723e-07 -5.055354534950646e-06 0.9999999999870451
1772378253.540248394 3.6618771619295067 0.999460558760811 1.0348017172706871 2.483492549019518e-12 4.91259818126401e-07 -5.05535453495093e-06 0.999999999987101
1772378253.954146385 3.733977263940277 0.9994598297776562 1.0358111172052669 2.4639503373825334e-14 4.873941715197055e-09 -5.055354534951542e-06 0.9999999999872218
1772378254.000128984 3.74202728251263 0.9994597483862603 1.035928717199844 -1.8632950130389374e-13 -3.685785044858335e-08 -5.05535453495154e-06 0.9999999999872211
1772378254.001531363 3.7423772833148856 0.999459744847504 1.0359287171996148 -1.950374463627793e-13 -3.85803696116416e-08 -5.05535453495154e-06 0.999999999987221
1772378254.010017633 3.7437772865145664 0.9994597306924788 1.0359483171987056 -2.294819928499098e-13 -4.5393847531735623e-08 -5.055354534951541e-06 0.9999999999872208
1772378254.064322472 3.7532273076365237 0.9994596351460644 1.0360855171928003 -4.450429197032018e-13 -8.803396811525574e-08 -5.055354534951522e-06 0.9999999999872178
1772378254.065044403 3.7535773083991817 0.9994596316073086 1.036085517192589 -4.5244297865454745e-13 -8.949777424486905e-08 -5.055354534951522e-06 0.9999999999872179
1772378254.134311676 3.7654773330782163 0.999459511289621 1.036252117185716 -6.789454224505522e-13 -1.3430223699350995e-07 -5.055354534951488e-06 0.9999999999872128
1772378254.374363661 3.8074773912375637 0.9994590866392519 1.036840117165645 -1.0853647577084271e-12 -2.146960714043389e-07 -5.055354534951404e-06 0.9999999999871987
1772378254.898459673 3.8991773252994317 0.9994581594878966 1.0381239171380916 -4.3948185449069273e-13 -8.693393319099833e-08 -5.0553545349515225e-06 0.9999999999872179
1772378254.948516369 3.9079273088393123 0.9994580710193586 1.0382513171362884 -3.326655552329125e-13 -6.580459427366577e-08 -5.055354534951518e-06 0.9999999999872196
1772378254.984837055 3.914227296474492 0.9994580073220165 1.0383395171350582 -2.562401770854837e-13 -5.068688538814266e-08 -5.055354534951522e-06 0.9999999999872206
1772378255.011742353 3.9187772873390037 0.9994579613183827 1.0383983171342037 -2.0172359720943048e-13 -3.990295727401567e-08 -5.055354534951523e-06 0.999999999987221
1772378255.046250343 3.9247272751976476 0.9994579011597864 1.0384865171331272 -1.317332989829355e-13 -2.605817195232565e-08 -5.055354534951525e-06 0.9999999999872214
1772378255.484428644 4.001377129315013 0.9994571261754102 1.0395547171226804 4.825190245398134e-13 9.544711900914498e-08 -5.055354534951509e-06 0.9999999999872172
1772378255.485962152 4.001727128791802 0.9994571226366673 1.0395645171226446 4.837478251408221e-13 9.569018813369347e-08 -5.055354534951509e-06 0.9999999999872172
1772378255.504823208 4.004877124158475 0.9994570907879805 1.039603717122327 4.94064721234696e-13 9.77309740015882e-08 -5.055354534951508e-06 0.999999999987217
1772378255.592351913 4.020277103792483 0.9994569350832669 1.039819317120872 5.271059275835167e-13 1.0426685710896583e-07 -5.0553545349515055e-06 0.9999999999872163
1772378255.600159407 4.021677102134288 0.9994569209282911 1.0398389171207474 5.287161606267817e-13 1.0458537740805628e-07 -5.0553545349515055e-06 0.9999999999872163
1772378256.004338026 4.092377059688196 0.9994562061015895 1.0408287171158377 3.7579120905527995e-13 7.433528293753498e-08 -5.055354534951516e-06 0.999999999987219
1772378256.185551643 4.123877062062847 0.9994558876142294 1.041269717114333 2.2510658351972474e-13 4.452834751829424e-08 -5.0553545349515225e-06 0.9999999999872208
1772378256.186029911 4.124227062138349 0.9994558840754805 1.041279517114318 2.2338053903565034e-13 4.418691854845893e-08 -5.0553545349515225e-06 0.9999999999872208
1772378256.196869135 4.125977062526119 0.9994558663817357 1.0412991171142443 2.1473957254217714e-13 4.2477648413439076e-08 -5.055354534951523e-06 0.999999999987221
1772378256.197796822 4.1263270626066975 0.9994558628429867 1.0413089171142296 2.1301565594844827e-13 4.2136640361736114e-08 -5.0553545349515225e-06 0.9999999999872208
1772378256.234945536 4.132627064184363 0.9994557991455036 1.041397117113972 1.8207234488990882e-13 3.601574202157894e-08 -5.055354534951523e-06 0.999999999987221
1772378256.426285267 4.165877075413271 0.9994554629643131 1.0418577171127879 3.074874817850034e-14 6.082411686239012e-09 -5.055354534951527e-06 0.9999999999872219
1772378256.881385326 4.2449770999751975 0.9994546632069774 1.0429651171108831 -1.5423619956125398e-13 -3.050947247938564e-08 -5.055354534951525e-06 0.9999999999872214
1772378256.953667402 4.25757710165474 0.9994545358120261 1.0431415171106673 -1.5743175253322557e-13 -3.1141584975753416e-08 -5.055354534951524e-06 0.9999999999872212
1772378257.003576279 4.266327102356583 0.9994544473433147 1.043268917110529 -1.5599719318701856e-13 -3.085781467330508e-08 -5.055354534951524e-06 0.9999999999872212
1772378257.005286694 4.266677102377074 0.9994544438045663 1.0432689171105236 -1.558799165702854e-13 -3.083461617729725e-08 -5.055354534951524e-06 0.9999999999872212
1772378257.039478064 4.272627102627949 0.9994543836458448 1.0433571171104343 -1.5327392409535431e-13 -3.03191246237067e-08 -5.055354534951525e-06 0.9999999999872214
1772378257.069643021 4.277877102707207 0.9994543305646215 1.0434257171103587 -1.5000806252763172e-13 -2.9673104323849475e-08 -5.055354534951524e-06 0.9999999999872212
1772378257.099735737 4.283127102655092 0.9994542774833993 1.0435041171102857 -1.4590906530348574e-13 -2.8862281408190194e-08 -5.055354534951525e-06 0.9999999999872214
1772378257.558162451 4.36327708949 0.9994534671102004 1.044621317109455 -2.7256941120674928e-14 -5.391697137947229e-09 -5.055354534951526e-06 0.9999999999872217
1772378257.646961212 4.378677085497286 0.9994533114053195 1.0448369171093428 -3.05182865776825e-15 -6.03682304840354e-10 -5.055354534951526e-06 0.9999999999872217
1772378257.654172421 4.380077085130506 0.9994532972503303 1.044856517109333 -9.64652925344621e-16 -1.9081794080485691e-10 -5.055354534951526e-06 0.9999999999872217
1772378258.059344530 4.4507770688390496 0.999452582423362 1.0458463171089558 6.665738639797551e-14 1.3185501927724492e-08 -5.055354534951526e-06 0.9999999999872217
1772378258.290276289 4.49102706363658 0.9994521754673743 1.0464147171088127 6.87626971500215e-14 1.3601953567634745e-08 -5.055354534951526e-06 0.9999999999872217
1772378258.932204962 4.603377064378139 0.9994510395292016 1.0479827171085767 5.465633168345855e-15 1.0811571874961058e-09 -5.055354534951526e-06 0.9999999999872217
1772378259.004144430 4.615977065118476 0.999450912134259 1.0481591171085598 -1.3582328155770605e-15 -2.686721853522181e-10 -5.055354534951526e-06 0.9999999999872217
1772378259.090128422 4.631027065991655 0.9994507599680775 1.0483747171085396 -8.371692180406864e-15 -1.6560050326770176e-09 -5.055354534951527e-06 0.9999999999872219
1772378259.090876818 4.63137706601145 0.9994507564293291 1.0483747171085391 -8.518618512615624e-15 -1.6850685398200944e-09 -5.055354534951526e-06 0.9999999999872217
1772378259.090912580 4.6317270660311785 0.9994507528905807 1.0483845171085386 -8.66498053486052e-15 -1.7140204207729356e-09 -5.055354534951527e-06 0.9999999999872219
1772378259.108319283 4.63417706616844 0.9994507281193419 1.0484139171085354 -9.66739559785767e-15 -1.912308207827799e-09 -5.055354534951526e-06 0.9999999999872217
1772378259.120303154 4.636277066284625 0.9994507068868514 1.048443317108533 -1.0496733690688009e-14 -2.0763596282400383e-09 -5.055354534951526e-06 0.9999999999872217
1772378259.150231361 4.641527066568411 0.9994506538056254 1.0485217171085277 -1.2447509907140064e-14 -2.4622427941893854e-09 -5.055354534951527e-06 0.9999999999872219
1772378259.610595703 4.721634460555662 0.9994498438630701 1.0496388911882053 -1.5358946843642583e-08 -0.003038154245613917 -5.055331203472917e-06 0.9999953847859615
1772378259.614273071 4.722330626492247 0.999449836824339 1.0496486876947555 -1.598771617650023e-08 -0.00316253114707601 -5.055329254063135e-06 0.9999949991730894
1772378259.698416471 4.736876602169532 0.9994496897542109 1.0498542689102484 -3.1117825234175475e-08 -0.006155418975788305 -5.055258762418376e-06 0.9999810552163856
1772378259.706403732 4.738252549716434 0.9994496758424056 1.049873824681345 -3.2717270443210864e-08 -0.006471805333650401 -5.055248663940263e-06 0.9999790576357921
1772378260.110275745 4.802806651088415 0.9994490231546673 1.0508324680695906 -1.1581756084717327e-07 -0.022909879029246804 -5.054027677670007e-06 0.9997375342645233
1772378260.340826511 4.832270882065446 0.9994487252503994 1.0513212074836848 -1.3930696754934846e-07 -0.027556320053209574 -5.0534347767481144e-06 0.9996202524957009
1772378260.984289408 4.878506336942507 0.9994482577771664 1.0524060272546205 -8.219265990487776e-08 -0.016258535249222772 -5.054686324660799e-06 0.9998678212673882
1772378261.056316614 4.880985104210846 0.9994482327150715 1.052524242463487 -7.03699293353148e-08 -0.01391988016822451 -5.054864740732484e-06 0.9999031137618014
1772378261.162224531 4.883956241363761 0.9994482026747684 1.0526998157780059 -5.3662800865216585e-08 -0.010615042029894979 -5.055069710484564e-06 0.9999436588414103
1772378261.162799835 4.884007204696065 0.999448202159493 1.0527081575408794 -5.335133765684782e-08 -0.010553431472967388 -5.055073007269571e-06 0.9999443109786608
1772378261.180738688 4.884457742070283 0.9994481976042406 1.0527343365338764 -5.056288817249652e-08 -0.010001848104276423 -5.055101667463757e-06 0.9999499802534838
1772378261.202858686 4.884986693612142 0.9994481922561657 1.0527775125800367 -4.7211223600333715e-08 -0.009338855123478072 -5.055134080756055e-06 0.9999563919288811
1772378261.662558317 4.892983561995929 0.999448111402157 1.0536424631086754 9.219741705175536e-10 0.00018237576892612262 -5.0553544508786676e-06 0.9999999833567611
1772378261.666460276 4.893043470480239 0.9994481107964397 1.053650619388029 1.1284548552890357e-09 0.00022321972622749156 -5.0553544090048484e-06 0.9999999750736982
1772378261.750425100 4.894310016333473 0.9994480979907627 1.0538237357416849 4.618105915399907e-09 0.0009135078229256812 -5.055352425613167e-06 0.9999995827388634
1772378261.752915382 4.894340482431532 0.9994480976827289 1.0538327995290673 4.682069978700819e-09 0.0009261605583288782 -5.05535236677681e-06 0.9999995711004399
1772378261.758981943 4.894431954327447 0.9994480967578832 1.0538403982187923 4.86856455461299e-09 0.0009630510621739415 -5.055352190612873e-06 0.9999995362534401
1772378261.759039879 4.89446249498505 0.9994480964490955 1.0538494693145224 4.9290819553441405e-09 0.0009750220130364327 -5.0553521319692725e-06 0.9999995246531457
1772378262.164378643 4.901102259235354 0.9994480293163701 1.0547140984213095 3.1989649254211687e-09 0.0006327874540278872 -5.05535352281903e-06 0.9999997997772206
1772378262.394429445 4.9051757996859635 0.999447988129987 1.0552382627792252 -4.46338891212289e-09 -0.0008829032427314635 -5.055352564580911e-06 0.9999996102280776
1772378263.041214943 4.914301920828433 0.9994478958584301 1.056731004281874 -1.646920556841707e-08 -0.003257774594114539 -5.055327708400653e-06 0.9999946934254889
1772378263.112490177 4.914954728105461 0.9994478892580856 1.0569016644220097 -1.607554102578665e-08 -0.0031799037860626616 -5.05532897555008e-06 0.9999949440803962
1772378263.239376783 4.915891864834173 0.9994478797829687 1.0571964398322684 -1.4709272481049756e-08 -0.0029096421188989853 -5.055333135546915e-06 0.9999957669696324
1772378263.258405209 4.91603454108014 0.9994478783404108 1.057253746094033 -1.4390057429770877e-08 -0.002846498169435534 -5.055334054274027e-06 0.9999959487031009
