1772378235.970163822 -0.0003095269203186035 -0.0010270632337778807 0.02518784999847412 0.0009960060706362128 0.0009581096819601953 0.0003758833627216518 0.9999989867210388
1772378235.981674910 -0.0023673176765441895 -0.00018319906666874886 0.02799224853515625 0.0011630617082118988 0.0017745585646480322 0.0003385138406883925 0.9999976754188538
1772378235.995273113 -0.002350032329559326 -0.0006398987025022507 0.029109597206115723 0.0014775842428207397 0.0020576457027345896 0.00042330726864747703 0.9999967217445374
1772378236.027473927 -0.0006431341171264648 0.0006051966920495033 0.02454519271850586 0.001380957430228591 0.0011390417348593473 7.886384082667064e-06 0.9999983906745911
1772378236.092217445 -0.0011149048805236816 0.0007811076939105988 0.024314522743225098 0.0013949108542874455 0.0010359628358855844 0.0003163515357300639 0.9999984502792358
1772378236.114910603 -0.001751720905303955 0.0005945868324488401 0.025435805320739746 0.0017422732198610902 0.0013642659178003669 0.000369494577171281 0.9999974966049194
1772378236.158768177 -0.0004404783248901367 0.0017661243909969926 0.022395849227905273 0.0013438132591545582 0.000381618709070608 2.6040568627649918e-05 0.9999989867210388
1772378236.204039097 -0.0006328225135803223 0.001422678935341537 0.020737648010253906 0.0006375793600454926 7.485646347049624e-05 -0.00010011449921876192 0.9999997615814209
1772378236.230114222 -0.00030744075775146484 0.0029738792218267918 0.02029550075531006 0.00040550314588472247 -0.00010802147153299302 -0.00047545990673825145 0.9999997615814209
1772378236.268411160 -0.00016033649444580078 0.0010977997444570065 0.020577311515808105 0.0009780005784705281 6.377234240062535e-05 0.00011359611380612478 0.9999995231628418
1772378236.290606976 -0.0010274648666381836 0.0018046156037598848 0.020264029502868652 0.0011027740547433496 0.00025485517107881606 7.887031097197905e-05 0.9999993443489075
1772378236.335416794 -0.00028771162033081055 0.0019376439740881324 0.01873159408569336 0.0007747648051008582 -0.0003259556833654642 -6.947977817617357e-05 0.9999996423721313
1772378236.364497662 0.00018680095672607422 0.0017511534970253706 0.01850152015686035 0.0009011688525788486 -8.090384653769433e-05 -0.0001241842983290553 0.9999995827674866
1772378236.409713984 0.0001208186149597168 -0.0016341009177267551 0.01971745491027832 0.001571363303810358 0.00027678784681484103 0.001038881717249751 0.999998152256012
1772378236.426841497 -8.463859558105469e-05 0.003385685384273529 0.019748330116271973 0.0007644022698514163 0.00011095359514001757 -0.0004953080788254738 0.9999995827674866
1772378236.469942093 -0.00019472837448120117 0.0028428607620298862 0.019916534423828125 0.0006126260850578547 0.00037298366078175604 -0.0005299827316775918 0.9999995827674866
1772378236.494210482 -0.0011925697326660156 0.002505641896277666 0.021616101264953613 0.0010340135777369142 0.0008010397432371974 -0.00011691441613947973 0.9999991655349731
1772378236.526566505 -0.0003433823585510254 0.0009334408678114414 0.021138310432434082 0.0010806802893057466 0.0005570609937421978 0.00014835872570984066 0.9999992251396179
1772378236.603558302 -0.0010061264038085938 0.001539802411571145 0.021848082542419434 0.001293662004172802 0.0008318710024468601 6.913739525771234e-06 0.9999988079071045
1772378236.649890423 -0.0008891820907592773 0.0026316281873732805 0.02199864387512207 0.0009721980313770473 0.0008494759676977992 -0.0004071967850904912 0.9999991059303284
1772378236.668719292 -0.0005565285682678223 -0.0007492832373827696 0.02110433578491211 0.001106180134229362 0.0005312962457537651 0.0006640698411501944 0.9999989867210388
1772378236.708496571 -0.0004888176918029785 0.003963257186114788 0.02073085308074951 0.000886186899151653 0.0005006076535210013 -0.0008616776904091239 0.9999991059303284
1772378236.740629196 0.00031876564025878906 0.001672516344115138 0.01922154426574707 0.0009182621142826974 7.9079991337494e-06 -0.00014889432350173593 0.9999995827674866
1772378236.766978502 0.000860750675201416 0.002595545258373022 0.017447233200073242 0.00010776551789604127 -0.0003314086061436683 -0.0007687779725529253 0.9999996423721313
1772378236.834183693 -0.0009494423866271973 0.0033067530021071434 0.02014315128326416 0.0009664173703640699 0.0002004634588956833 -0.0003833454102277756 0.999999463558197
1772378236.864705324 0.0003134608268737793 0.0041931127198040485 0.018503904342651367 0.0011136370012536645 -0.0003598170878831297 -0.0004878744366578758 0.9999991655349731
1772378236.898797512 -0.00022780895233154297 0.003079578746110201 0.019872069358825684 0.0011726758675649762 0.00017412350280210376 -0.0003701266832649708 0.9999992251396179
1772378236.923258781 1.990795135498047e-05 0.0027275877073407173 0.018572568893432617 0.0010628774762153625 4.47197598987259e-05 -0.0002916065277531743 0.9999993443489075
1772378236.964748859 0.001269996166229248 0.0017396708717569709 0.015355706214904785 0.0003550745313987136 -0.0008814745233394206 -0.00024017671239562333 0.9999995231628418
1772378237.008096218 0.0004652738571166992 -0.00023610948119312525 0.016484379768371582 0.0006225047400221229 -0.0005047866143286228 0.0005314596346579492 0.9999995231628418
1772378237.062912464 0.0003299117088317871 0.00025444780476391315 0.017079830169677734 -0.0002059812832158059 -0.0002507396857254207 -0.00020801836217287928 0.9999998807907104
1772378237.093878746 -0.0005800127983093262 -0.00045881461119279265 0.01834714412689209 0.0002801376103889197 -2.5760326025192626e-05 0.0003742505214177072 0.9999998807907104
1772378237.136435509 0.00037801265716552734 -0.0008188677602447569 0.017138242721557617 -5.475330453919014e-06 -0.0004774885601364076 0.0004709813802037388 0.9999997615814209
1772378237.253734827 0.0006255507469177246 0.0005128462798893452 0.01639378070831299 -0.0006892482633702457 -0.0006277940119616687 -0.0002653983829077333 0.9999995231628418
1772378237.287641287 -0.0011782050132751465 -0.001689347205683589 0.019978046417236328 5.665855496772565e-05 0.00041542682447470725 0.0006091684335842729 0.9999997019767761
1772378237.311094046 -0.0008456707000732422 0.0007577680516988039 0.019786715507507324 -8.128238550852984e-05 0.0002966466418001801 -0.00022402964532375336 0.9999999403953552
1772378237.374564171 0.000152587890625 -0.0004938776837661862 0.017818927764892578 -0.000910213973838836 -0.0001303061580983922 -0.00030624584178440273 0.9999995231628418
1772378237.412486553 -0.0006585121154785156 -0.0012168021639809012 0.017382502555847168 -0.0013185495045036077 4.9919846787815914e-05 -0.00021403134451247752 0.9999991059303284
1772378237.438283682 -0.0017502307891845703 -0.0019327261252328753 0.01834273338317871 -0.00044760151649825275 0.0006245860131457448 0.00037545693339779973 0.9999996423721313
1772378237.469840288 -0.003293275833129883 -0.0012170958798378706 0.01760244369506836 -0.0008968074689619243 0.0013054326409474015 -0.00012877609697170556 0.9999987483024597
1772378237.503115416 -0.005565524101257324 -0.0028260513208806515 0.018989086151123047 -0.0008887707954272628 0.0020023437682539225 0.0005179214058443904 0.9999974370002747
1772378237.549861908 -0.007934987545013428 -0.0021201882045716047 0.020198583602905273 -0.0012870891951024532 0.003451495198532939 -0.0002612619136925787 0.9999932050704956
1772378237.572531223 -0.009781479835510254 -0.004627734888345003 0.019644498825073242 -0.0008959344704635441 0.004305035807192326 0.0010360105661675334 0.9999898076057434
1772378237.635270834 -0.015960991382598877 -0.0035657903645187616 0.0234072208404541 -0.0009147569071501493 0.0068962653167545795 0.0005964168231002986 0.9999756217002869
1772378237.667828560 -0.018046677112579346 -0.0011334232985973358 0.02361917495727539 -0.0013326540356501937 0.007595995906740427 -0.00021988667140249163 0.9999702572822571
1772378237.734339952 -0.02085810899734497 0.001883873250335455 0.02474498748779297 -0.002247779630124569 0.00884143728762865 -0.001431694021448493 0.9999573230743408
1772378237.763667822 -0.02303600311279297 -0.003051978535950184 0.024913668632507324 -0.0015121365431696177 0.009612147696316242 0.00026781196356751025 0.9999526143074036
1772378237.781313181 -0.029309213161468506 -0.0016784595791250467 0.03046882152557373 -0.0015855738893151283 0.012553728185594082 -4.943068688589847e-06 0.9999199509620667
1772378237.799573183 -0.030308067798614502 -0.002985524944961071 0.029549121856689453 -0.0014270793180912733 0.013099897652864456 0.00022346492914948612 0.9999131560325623
1772378237.862859964 -0.03690803050994873 -0.00123134208843112 0.03368651866912842 -0.0016671187477186322 0.0161603931337595 -0.0003901252639479935 0.9998679757118225
1772378237.898159266 -0.04078638553619385 -0.0025410433299839497 0.037615299224853516 -0.0008067913586273789 0.01812327839434147 0.00038504708209075034 0.9998353719711304
1772378237.953366280 -0.04142475128173828 -0.0020539655815809965 0.03683650493621826 -0.0007496088510379195 0.018501650542020798 0.00036837407969869673 0.9998284578323364
1772378237.986680984 -0.04453575611114502 -0.003794015385210514 0.03893089294433594 -0.0008041537366807461 0.020183071494102478 0.0006605114904232323 0.9997957944869995
1772378238.016111135 -0.045734703540802 -0.004606973379850388 0.03863561153411865 -0.0012367239687591791 0.020571935921907425 0.0010499232448637486 0.9997870922088623
1772378238.048773766 -0.04650998115539551 -0.0035934634506702423 0.03808867931365967 -0.001313409535214305 0.021015450358390808 0.0004349470546003431 0.9997782111167908
1772378238.073134661 -0.05079549551010132 -0.005370267201215029 0.04246187210083008 -0.001287574297748506 0.02313987724483013 0.0013753565726801753 0.9997304677963257
1772378238.112271309 -0.05119055509567261 -0.004720147233456373 0.04285693168640137 -0.001007953193038702 0.023544926196336746 0.0012709754519164562 0.9997214674949646
1772378238.158596039 -0.05404609441757202 -0.0038999810349196196 0.04829871654510498 -0.00013076746836304665 0.025567321106791496 0.0012521524913609028 0.9996722936630249
1772378238.208811998 -0.05486863851547241 -0.004019500222057104 0.05070507526397705 -6.528367521241307e-05 0.02691839262843132 0.001350306672975421 0.999636709690094
1772378238.236763477 -0.05540275573730469 -0.007181701250374317 0.050858497619628906 0.00013666269660461694 0.027189362794160843 0.0026482325047254562 0.9996267557144165
1772378238.265250206 -0.05305856466293335 -0.004605403169989586 0.04949951171875 0.0005512982606887817 0.026734517887234688 0.0018219695193693042 0.9996407628059387
1772378238.364618301 -0.052082180976867676 -0.0015445699682459235 0.04935121536254883 -0.00038654214586131275 0.02678244560956955 0.0003441150183789432 0.9996411204338074
1772378238.387892962 -0.050460219383239746 -0.003772466443479061 0.04841732978820801 -0.00014500239922199398 0.026296021416783333 0.0015305946581065655 0.9996529817581177
1772378238.427647591 -0.047519147396087646 -0.004870754666626453 0.046855926513671875 0.000157425383804366 0.025623992085456848 0.001930884667672217 0.9996697902679443
1772378238.474291801 -0.044524431228637695 -0.004146842751652002 0.046181321144104004 0.0002713497669901699 0.025167543441057205 0.0015398407122120261 0.9996820092201233
1772378238.493647575 -0.04212343692779541 -0.004946907516568899 0.04377412796020508 -0.00043217488564550877 0.024099042639136314 0.0016328573692589998 0.9997081756591797
1772378238.528655529 -0.04156839847564697 -0.0016107289120554924 0.04525148868560791 -0.00029508298030123115 0.024548763409256935 0.0003611297579482198 0.9996985197067261
1772378238.572635651 -0.03995358943939209 -0.001983438618481159 0.04408252239227295 -0.0004118253418710083 0.024051718413829803 0.0006019913125783205 0.9997104406356812
1772378238.633871555 -0.033461570739746094 -0.0015462934970855713 0.0416029691696167 -0.000737099617253989 0.022272925823926926 0.0003229381109122187 0.9997515678405762
1772378238.659360170 -0.030641674995422363 -0.003230148460716009 0.04013526439666748 -0.0010999530786648393 0.021644312888383865 0.0006870509241707623 0.9997649192810059
1772378238.708801985 -0.02630174160003662 -0.005062781739979982 0.037752509117126465 -0.0010439222678542137 0.020075205713510513 0.0014479547971859574 0.9997968673706055
1772378238.742678881 -0.023022234439849854 -0.00572684733197093 0.03631877899169922 -0.0008533656364306808 0.019054511561989784 0.001847397186793387 0.999816358089447
1772378238.769804001 -0.01828789710998535 -0.006022194400429726 0.03397524356842041 -0.0006106630899012089 0.017409509047865868 0.002041662111878395 0.9998461604118347
1772378238.799053192 -0.016617238521575928 -0.003956609405577183 0.03602254390716553 -0.0009003568557091057 0.018054503947496414 0.0011312742717564106 0.9998359680175781
1772378238.842171431 -0.012941479682922363 -0.006217649672180414 0.03534221649169922 -0.0004287986666895449 0.01715928316116333 0.0020702823530882597 0.9998505115509033
1772378238.881085396 -0.008107006549835205 -0.005698513239622116 0.03237712383270264 -0.0002810650912579149 0.015683656558394432 0.0021185269579291344 0.9998747110366821
1772378238.953576565 -0.001437366008758545 -0.0055629233829677105 0.03202784061431885 0.00023246453201863915 0.014359300024807453 0.002058682730421424 0.9998947381973267
1772378238.981434107 0.003506004810333252 -0.005216409917920828 0.02979731559753418 0.0004915273166261613 0.012950007803738117 0.0019992736633867025 0.9999140501022339
1772378239.007402182 0.010042548179626465 -0.006142801605165005 0.02643263339996338 -0.0004470544517971575 0.010996521450579166 0.0018150373362004757 0.9999377727508545
1772378239.040883303 0.014006257057189941 -0.004461393225938082 0.024875879287719727 -0.0009211772703565657 0.00983053632080555 0.001179476035758853 0.9999505281448364
1772378239.104985476 0.02402597665786743 -0.007668968290090561 0.022234439849853516 -0.0007915057358331978 0.007788879331201315 0.002300711115822196 0.9999666810035706
1772378239.144571066 0.028076231479644775 -0.007658109534531832 0.020658016204833984 -0.001069663092494011 0.006760699674487114 0.0022033287677913904 0.9999741315841675
1772378239.176178455 0.03276491165161133 -0.005807874724268913 0.018885374069213867 -0.0008394104079343379 0.005574308335781097 0.001869111554697156 0.9999823570251465
1772378239.189224720 0.03921616077423096 -0.0063679092563688755 0.014992117881774902 -0.001496724202297628 0.003405303694307804 0.0017566680908203125 0.9999915361404419
1772378239.242288351 0.041087210178375244 -0.007406335324048996 0.01690387725830078 -0.0007453128346242011 0.00376951415091753 0.00245653442107141 0.9999895691871643
1772378239.307461739 0.04897308349609375 -0.005860932171344757 0.014554142951965332 -0.001576575101353228 0.0019954657182097435 0.0015853977529332042 0.9999955296516418
1772378239.338492155 0.05130511522293091 -0.007366524543613195 0.015621542930603027 -0.0015949287917464972 0.00207985145971179 0.0021237817127257586 0.9999942779541016
1772378239.424883604 0.05965232849121094 -0.009120806120336056 0.012142300605773926 -0.0008632285171188414 1.898100526886992e-05 0.00296420999802649 0.999995231628418
1772378239.457825184 0.06380051374435425 -0.008981797844171524 0.011086344718933105 -0.0012668917188420892 -0.0008439500234089792 0.0028838198632001877 0.9999946355819702
1772378239.475716829 0.065457284450531 -0.0075501613318920135 0.011699557304382324 -0.0013747939374297857 -0.0009292900795117021 0.0022726443130522966 0.9999960660934448
1772378239.505847692 0.0667572021484375 -0.008692621253430843 0.011225223541259766 -0.0013193284394219518 -0.0013525643153116107 0.002696447307243943 0.9999945759773254
1772378239.553296089 0.07149839401245117 -0.009158795699477196 0.0087127685546875 -0.0012259900104254484 -0.0024702309165149927 0.0030059367418289185 0.9999916553497314
1772378239.570621490 0.07277721166610718 -0.0074152168817818165 0.010008692741394043 -0.0010217772796750069 -0.0022153137251734734 0.002498864894732833 0.9999939203262329
1772378239.615495682 0.07744407653808594 -0.009926192462444305 0.007451653480529785 -0.0011303407372906804 -0.003154974663630128 0.0033036554232239723 0.9999889135360718
1772378239.652060270 0.0792618989944458 -0.009057344868779182 0.007927775382995605 -0.0011801308719441295 -0.003181849606335163 0.0030079083517193794 0.9999896883964539
1772378239.683215141 0.08176535367965698 -0.008407463319599628 0.007560014724731445 -0.0009776189690455794 -0.0035583064891397953 0.00283979345113039 0.9999891519546509
1772378239.706896544 0.08301407098770142 -0.008496703580021858 0.009201884269714355 -0.001105156377889216 -0.0031831718515604734 0.002946041990071535 0.9999899864196777
1772378239.726930618 0.08251011371612549 -0.010207528248429298 0.011758089065551758 -0.0009930230444297194 -0.0019292559009045362 0.0036828573793172836 0.9999908804893494
1772378239.768730879 0.08597499132156372 -0.01024420466274023 0.010103106498718262 -0.0008658686419948936 -0.0026695611886680126 0.0035591796040534973 0.9999897480010986
1772378239.810190678 0.08797425031661987 -0.01008816808462143 0.009152531623840332 -0.001337959198281169 -0.0030696948524564505 0.00347757781855762 0.999988317489624
1772378239.825407028 0.08967649936676025 -0.011632401496171951 0.008708596229553223 -0.0013227337040007114 -0.003157723695039749 0.003938531503081322 0.9999863505363464
1772378239.870362043 0.09133678674697876 -0.01217279490083456 0.009466290473937988 -0.0008300879853777587 -0.0029656842816621065 0.004404911305755377 0.9999855756759644
1772378239.909209728 0.09135305881500244 -0.012166204862296581 0.011593818664550781 -0.0009510917589068413 -0.0022295936942100525 0.004421022720634937 0.9999872446060181
1772378239.967459679 0.09507882595062256 -0.009562315419316292 0.00958096981048584 -0.0012344083515927196 -0.002647367073222995 0.003469201736152172 0.9999896883964539
1772378240.007282495 0.09641242027282715 -0.010785102844238281 0.01071631908416748 -0.0010260496055707335 -0.002382256556302309 0.0038937595672905445 0.9999890327453613
1772378240.035024166 0.09784907102584839 -0.011079969815909863 0.011196613311767578 -0.0007710640784353018 -0.002052613999694586 0.004131290130317211 0.9999890327453613
1772378240.083987474 0.09975433349609375 -0.011353076435625553 0.010854125022888184 -0.0010373193072155118 -0.002102066995576024 0.0041797105222940445 0.9999884963035583
1772378240.106318235 0.10079330205917358 -0.012150927446782589 0.011606812477111816 -0.0005891707260161638 -0.001656572800129652 0.004538786131888628 0.9999881386756897
1772378240.224437714 0.10642606019973755 -0.009937655180692673 0.008229732513427734 -0.0014590938808396459 -0.00267540174536407 0.0036991112865507603 0.9999884963035583
1772378240.241453648 0.10696345567703247 -0.00800087209790945 0.009107589721679688 -0.0011800352949649096 -0.002208842895925045 0.003147002775222063 0.9999918937683105
1772378240.258339167 0.10769039392471313 -0.009206843562424183 0.010026216506958008 -0.00109791976865381 -0.0017953092465177178 0.0036615042481571436 0.9999910593032837
1772378240.316633463 0.10526019334793091 -0.004298970103263855 0.007947444915771484 -0.0015533088007941842 -0.0023494381457567215 0.0013140609953552485 0.9999951720237732
1772378240.358664036 0.10695648193359375 -0.005089628975838423 0.0077942609786987305 -0.0015068443026393652 -0.002285419264808297 0.001691300654783845 0.9999948143959045
1772378240.383008957 0.10826313495635986 -0.006297817919403315 0.008397579193115234 -0.0015139300376176834 -0.001985091483220458 0.00195929198525846 0.9999949336051941
1772378240.412394047 0.10975229740142822 -0.004295538645237684 0.008158206939697266 -0.0018705432303249836 -0.002042621374130249 0.0011502685956656933 0.9999954700469971
1772378240.446399450 0.11171096563339233 -0.004442395642399788 0.007884979248046875 -0.00179892941378057 -0.002054179087281227 0.0011931081535294652 0.9999955296516418
1772378240.523842335 0.11219322681427002 -0.0047352928668260574 0.008834242820739746 -0.0016148238210007548 -0.0015419191913679242 0.0014314192812889814 0.9999964833259583
1772378240.544120073 0.11389976739883423 -0.006739055272191763 0.008980512619018555 -0.0015039561549201608 -0.0012481360463425517 0.002258931053802371 0.9999955296516418
1772378240.555346727 0.11604022979736328 -0.00667340774089098 0.00791323184967041 -0.0013633486814796925 -0.001552021480165422 0.0022650370374321938 0.9999952912330627
1772378240.642447948 0.11133742332458496 -0.0010242948774248362 0.01017141342163086 -0.0018766062567010522 -0.00023915748170111328 -0.00034364350722171366 0.999998152256012
1772378240.678947449 0.11378902196884155 -0.0021275051403790712 0.008722424507141113 -0.001849132589995861 -0.0008627731003798544 0.00020257818687241524 0.9999979138374329
1772378240.694105625 0.11523294448852539 -0.0008213066030293703 0.009198904037475586 -0.00205276464112103 -0.0007936185575090349 -0.00047090137377381325 0.9999974370002747
1772378240.756984472 0.11345362663269043 0.00016712956130504608 0.0072422027587890625 -0.00226302957162261 -0.0013333403039723635 -0.0010499339550733566 0.9999960064888
1772378240.778292418 0.11420023441314697 0.0011344540398567915 0.008581995964050293 -0.002601098734885454 -0.000791988568380475 -0.001672753831371665 0.9999948740005493
1772378240.799735308 0.11509275436401367 0.00043986551463603973 0.009491801261901855 -0.0022957443725317717 -0.0005270980764180422 -0.0013418392045423388 0.9999963045120239
1772378240.832074165 0.11354595422744751 0.0012329509481787682 0.011408448219299316 -0.0017153266817331314 0.000498628243803978 -0.0011660207528620958 0.9999977350234985
1772378240.882498980 0.11563092470169067 0.0011496273800730705 0.010706543922424316 -0.0015035741962492466 0.0002802776580210775 -0.0009889733046293259 0.9999983310699463
1772378240.913934708 0.1182318925857544 0.0008269022218883038 0.009943842887878418 -0.0018885426688939333 -0.0001013729051919654 -0.0010836228029802442 0.999997615814209
1772378240.936889648 0.120746910572052 0.0010632136836647987 0.008126139640808105 -0.0019659812096506357 -0.0008034624624997377 -0.0011140862479805946 0.9999971389770508
1772378240.954011440 0.11888366937637329 -4.796218127012253e-05 0.012433528900146484 -0.001969548873603344 0.0009672402520664036 -0.0007609736640006304 0.9999972581863403
1772378241.015758038 0.12235045433044434 0.0007534627802670002 0.010165572166442871 -0.001733241486363113 2.87818766082637e-05 -0.0008940666448324919 0.9999980926513672
1772378241.046930552 0.1237754225730896 -0.0005753436125814915 0.009953856468200684 -0.0014405694091692567 0.00013071128341834992 -0.0003296381328254938 0.9999988675117493
1772378241.072287083 0.12441092729568481 3.0966708436608315e-05 0.011625170707702637 -0.001978409243747592 0.0005364955868571997 -0.0008459613309241831 0.9999975562095642
1772378241.094891071 0.1270449161529541 -0.0019908365793526173 0.010219216346740723 -0.0016869637183845043 0.0002275378501508385 -7.229833136079833e-05 0.9999985694885254
1772378241.139666080 0.12615966796875 -0.0007634279318153858 0.011963129043579102 -0.0012700456427410245 0.0009614688460715115 -0.00022560692741535604 0.9999986886978149
1772378241.187419653 0.12940996885299683 -9.30114183574915e-05 0.010050058364868164 -0.002145655220374465 7.404670759569854e-05 -0.0010641483822837472 0.9999971389770508
1772378241.216378927 0.1297566294670105 -0.00097068608738482 0.01164388656616211 -0.0014877835055813193 0.0006308439187705517 -0.0002711234556045383 0.9999986290931702
1772378241.248984098 0.13109225034713745 -0.0005760043859481812 0.01238715648651123 -0.0014665779890492558 0.0009739157976582646 -0.00021487480262294412 0.9999983906745911
1772378241.293985128 0.1336902379989624 0.0006108428351581097 0.011217355728149414 -0.0016902596689760685 0.00020878796931356192 -0.0009737506625242531 0.9999980926513672
1772378241.306609869 0.13828468322753906 0.00013259751722216606 0.008071660995483398 -0.0017867930000647902 -0.0010178110096603632 -0.000859015213791281 0.9999974966049194
1772378241.346830845 0.13998514413833618 8.935714140534401e-05 0.008694171905517578 -0.0016325718024745584 -0.0008319507469423115 -0.00075988017488271 0.9999980330467224
1772378241.380068064 0.1398053765296936 9.001302532851696e-05 0.010980844497680664 -0.001104098977521062 0.00011701143375830725 -0.00040306331356987357 0.9999992847442627
1772378241.416870832 0.14278405904769897 0.00023910892195999622 0.009624123573303223 -0.0019065397791564465 -0.0008515794761478901 -0.0008640289306640625 0.9999974370002747
1772378241.444191456 0.14408552646636963 0.0009012769442051649 0.009751319885253906 -0.0018785035936161876 -0.0008035429636947811 -0.0011961894342675805 0.9999971985816956
1772378241.464096785 0.14737355709075928 0.0008294705767184496 0.008484601974487305 -0.0018707207636907697 -0.0013568222057074308 -0.0012059727450832725 0.9999966025352478
1772378241.545449257 0.15214043855667114 0.00028326711617410183 0.007861495018005371 -0.0015869992785155773 -0.0016467382665723562 -0.0007734504179097712 0.999997079372406
1772378241.571909428 0.1531936526298523 0.0009088639635592699 0.008391499519348145 -0.0016598408110439777 -0.001661948161199689 -0.0011022171238437295 0.9999966025352478
1772378241.590721607 0.1568518877029419 -0.0005558882839977741 0.006481647491455078 -0.0016281666466966271 -0.002120445016771555 -0.0005774712190032005 0.9999962449073792
1772378241.649684668 0.1540513038635254 0.002692852634936571 0.009272456169128418 -0.0013327021151781082 -0.0011507682502269745 -0.001635632710531354 0.9999971389770508
1772378241.690383196 0.15577638149261475 0.0026277287397533655 0.009271383285522461 -0.0012852672953158617 -0.0013369525549933314 -0.0016415066784247756 0.9999969601631165
1772378241.712354183 0.15867900848388672 0.0026551836635917425 0.0082322359085083 -0.0013228228781372309 -0.0018163355998694897 -0.001618318958207965 0.9999961256980896
1772378241.739304543 0.1598958969116211 0.002636365592479706 0.00916588306427002 -0.0012849579798057675 -0.0015776670770719647 -0.0014972834615036845 0.9999967813491821
1772378241.822125196 0.16399526596069336 0.003210049355402589 0.008663773536682129 -0.0009026434272527695 -0.0017871676245704293 -0.001415878999978304 0.9999969601631165
1772378241.861548185 0.16395485401153564 0.003617106005549431 0.010442614555358887 -0.001133616897277534 -0.0013025124790146947 -0.0017646447522565722 0.9999969601631165
1772378241.899261713 0.16932779550552368 0.0027407880406826735 0.007104396820068359 -0.001789591507986188 -0.002507926197722554 -0.0018266986589878798 0.9999935626983643
1772378241.915477037 0.17060351371765137 0.0014165788888931274 0.007506132125854492 -0.001802180428057909 -0.0025675215292721987 -0.001379897235892713 0.9999940991401672
1772378241.940259933 0.1727047562599182 0.000875547993928194 0.007064342498779297 -0.0015520966844633222 -0.0026675055269151926 -0.0010743362363427877 0.9999946355819702
1772378241.980849266 0.1763870120048523 0.0016963521484285593 0.005745530128479004 -0.0015698553761467338 -0.0033870823681354523 -0.0011766360839828849 0.999992311000824
1772378242.022149563 0.17672127485275269 0.002582657616585493 0.007400155067443848 -0.0012849769555032253 -0.002657033037394285 -0.0013432980049401522 0.9999947547912598
1772378242.047085285 0.17742669582366943 0.001768553745932877 0.008765220642089844 -0.0011763523798435926 -0.002110192785039544 -0.0010331326629966497 0.999996542930603
1772378242.072995663 0.181299090385437 0.0033757714554667473 0.006486177444458008 -0.0023531431797891855 -0.0034670650493353605 -0.002312150551006198 0.9999885559082031
1772378242.093669653 0.1806018352508545 0.0014913319610059261 0.0094757080078125 -0.0013981340453028679 -0.0021932872477918863 -0.0010736695257946849 0.9999960064888
1772378242.131235600 0.18368983268737793 0.0008877071086317301 0.007594704627990723 -0.0017594072269275784 -0.0027279979549348354 -0.0010319061111658812 0.999994158744812
1772378242.218563557 0.1869868040084839 0.0019031735137104988 0.007093310356140137 -0.0016247493913397193 -0.002782472176477313 -0.001234501600265503 0.9999940395355225
1772378242.252925396 0.1892511248588562 0.0013036082964390516 0.006926774978637695 -0.0016703952569514513 -0.0030546782072633505 -0.0010204934515058994 0.9999933838844299
1772378242.292632341 0.191303551197052 0.0015793023630976677 0.0062792301177978516 -0.001821486628614366 -0.003287326544523239 -0.0011784752132371068 0.9999922513961792
1772378242.303491592 0.19120895862579346 0.0011796581093221903 0.009077787399291992 -0.0011212821118533611 -0.002096643205732107 -0.0005947437020950019 0.9999969601631165
1772378242.346646070 0.1939900517463684 0.002692683134227991 0.005218505859375 -0.0015397478127852082 -0.0037069902755320072 -0.001513197785243392 0.9999908208847046
1772378242.376590967 0.19510340690612793 0.002692062873393297 0.006207585334777832 -0.0020569453481584787 -0.003525268053635955 -0.0017878435319289565 0.9999900460243225
1772378242.397423983 0.19688981771469116 0.00337675167247653 0.005915403366088867 -0.0015460860449820757 -0.0035470519214868546 -0.0018772772746160626 0.9999907612800598
1772378242.429191113 0.19341641664505005 0.0038760933093726635 0.008661031723022461 -0.001029415987432003 -0.0022124024108052254 -0.002005858812481165 0.9999949932098389
1772378242.467075109 0.19667410850524902 0.004540433641523123 0.007197141647338867 -0.0015539644518867135 -0.002915032207965851 -0.002426795195788145 0.9999915957450867
1772378242.505072594 0.1948556900024414 0.005638010799884796 0.007880330085754395 -0.0011837286874651909 -0.0023631721269339323 -0.0026664286851882935 0.9999929666519165
1772378242.553875685 0.1978079080581665 0.004917846992611885 0.006723642349243164 -0.0010509091662243009 -0.0029123269487172365 -0.002528527984395623 0.9999920129776001
1772378242.566072464 0.2021094560623169 0.0043487548828125 0.0031952857971191406 -0.0020780519116669893 -0.0045035239309072495 -0.003033584216609597 0.9999830722808838
1772378242.599706173 0.20014750957489014 0.005344047676771879 0.0070716142654418945 -0.0008939573308452964 -0.002851551864296198 -0.0022918342147022486 0.9999929070472717
1772378242.647384882 0.202562153339386 0.005046536214649677 0.0063620805740356445 -0.0016372903482988477 -0.003073913510888815 -0.002895335666835308 0.9999897480010986
1772378242.705148458 0.20311087369918823 0.005713442340493202 0.007932066917419434 -0.0011289670364931226 -0.002499734051525593 -0.0029254609253257513 0.9999919533729553
1772378242.753721714 0.206426203250885 0.004780885297805071 0.00651395320892334 -0.0017266414361074567 -0.00293565122410655 -0.0028756195679306984 0.9999900460243225
1772378242.781026363 0.20875227451324463 0.005249762907624245 0.00553131103515625 -0.002169047249481082 -0.003507493296638131 -0.0033811337780207396 0.9999857544898987
1772378242.816108227 0.20744729042053223 0.005568566732108593 0.008211493492126465 -0.0022772534284740686 -0.002564326860010624 -0.0036206424701958895 0.9999875426292419
1772378242.883176804 0.21117395162582397 0.0051021696999669075 0.0071773529052734375 -0.0016502955695614219 -0.0026241831947118044 -0.002890916308388114 0.9999909996986389
1772378242.914711237 0.21290582418441772 0.005403457675129175 0.006613492965698242 -0.0015865727327764034 -0.0028497653547674417 -0.002946340711787343 0.9999903440475464
1772378242.954300642 0.21580088138580322 0.00402784813195467 0.004729270935058594 -0.001925518736243248 -0.0034855580888688564 -0.0026218928396701813 0.9999886155128479
1772378242.999018192 0.21908807754516602 0.0024124549236148596 0.005991101264953613 -0.0016449722461402416 -0.0031657328363507986 -0.001956281019374728 0.9999917149543762
1772378243.053706884 0.2198294997215271 0.003407248528674245 0.006652712821960449 -0.0012646721443161368 -0.0027416108641773462 -0.0020099373068660498 0.9999933838844299
1772378243.089263201 0.2208096981048584 0.005183785688132048 0.007006049156188965 -0.001754732453264296 -0.0025987280532717705 -0.0029360861517488956 0.9999907612800598
1772378243.127438784 0.22359353303909302 0.005522093269973993 0.005556464195251465 -0.002125679748132825 -0.003460036823526025 -0.003330633509904146 0.9999862313270569
1772378243.162722588 0.2252596616744995 0.005388899240642786 0.00940406322479248 -0.0020202805753797293 -0.0018374626524746418 -0.0032335424330085516 0.9999910593032837
1772378243.217908859 0.22718483209609985 0.003985301591455936 0.008590221405029297 -0.0013871054397895932 -0.002043456770479679 -0.0023618179839104414 0.999994158744812
1772378243.260349989 0.22816431522369385 0.004604175221174955 0.008530020713806152 -0.0018582793418318033 -0.001938146073371172 -0.0028834701515734196 0.9999922513961792
1772378243.280243635 0.23121345043182373 0.003471673233434558 0.008411765098571777 -0.0014886088902130723 -0.002118008444085717 -0.002201440278440714 0.9999942183494568
1772378243.299611092 0.23422974348068237 0.005779092665761709 0.005759596824645996 -0.0019393888069316745 -0.003110813442617655 -0.003174073528498411 0.9999881982803345
1772378243.333896875 0.23362529277801514 0.006329123396426439 0.00844871997833252 -0.0012266467092558742 -0.001989868702366948 -0.0029528106097131968 0.9999929070472717
1772378243.371695042 0.23482990264892578 0.004985760897397995 0.009312272071838379 -0.001681367983110249 -0.001737784594297409 -0.002691332483664155 0.9999934434890747
1772378243.486793041 0.2389998435974121 0.005222991108894348 0.010256052017211914 -0.0007615488138981164 -0.0013227048330008984 -0.002282857894897461 0.9999962449073792
1772378243.582990408 0.24554544687271118 0.006008931435644627 0.008074641227722168 -0.0010184254497289658 -0.0023512784391641617 -0.0028778850100934505 0.9999925494194031
1772378243.620086670 0.24350279569625854 0.0052977972663939 0.012109518051147461 -0.0005409466684795916 -0.0006746389553882182 -0.002328221220523119 0.9999969005584717
1772378243.655642748 0.24538207054138184 0.00483116926625371 0.011372685432434082 -0.0007087518461048603 -0.0007945385295897722 -0.0022437041625380516 0.9999969005584717
1772378243.763424397 0.25279325246810913 0.005035653710365295 0.008780479431152344 -0.0008814961183816195 -0.0020662688184529543 -0.002507595345377922 0.9999943375587463
1772378243.822631836 0.25621497631073 0.004883316811174154 0.009302258491516113 -0.0007669784245081246 -0.0019511497812345624 -0.002305040368810296 0.9999951720237732
1772378243.850797415 0.25806182622909546 0.005267908796668053 0.008810997009277344 -0.0010097566992044449 -0.002303974237293005 -0.0025561493821442127 0.9999935626983643
1772378243.883970499 0.26131391525268555 0.0031666860450059175 0.007355809211730957 -0.0010319401044398546 -0.002746391808614135 -0.0020502691622823477 0.9999935626983643
1772378243.911702394 0.26130688190460205 0.0049841622821986675 0.009108781814575195 -0.0006985334330238402 -0.0019891103729605675 -0.002379195997491479 0.9999949336051941
1772378243.935923100 0.26296693086624146 0.004320741165429354 0.008160591125488281 -0.0011301561025902629 -0.0025107592809945345 -0.002403517486527562 0.9999933242797852
1772378243.968539000 0.2659306526184082 0.007131787948310375 0.008688807487487793 -0.001020320225507021 -0.002438075141981244 -0.003295423462986946 0.9999910593032837
1772378244.003061771 0.2672121524810791 0.007234602235257626 0.008671402931213379 -0.0011043923441320658 -0.002428964711725712 -0.003217963268980384 0.999991238117218
1772378244.067495584 0.2652014493942261 0.007875388488173485 0.01194155216217041 -0.00037296657683327794 -0.0011411068262532353 -0.002953568007797003 0.9999949336051941
1772378244.094201088 0.2689894437789917 0.005567532032728195 0.009747624397277832 -0.0008503168355673552 -0.0018549485830590129 -0.002733286004513502 0.999994158744812
1772378244.121983051 0.27095872163772583 0.004764905199408531 0.00910651683807373 -0.0015333846677094698 -0.0023635488469153643 -0.0028720195405185223 0.9999918937683105
1772378244.227092743 0.27431726455688477 0.005455408710986376 0.011783123016357422 -0.0006341813132166862 -0.0011812497396022081 -0.0023924328852444887 0.9999962449073792
1772378244.254264116 0.27534300088882446 0.005379552021622658 0.012154698371887207 -0.0011083174031227827 -0.0011593865929171443 -0.0026756508741527796 0.9999951124191284
1772378244.283810139 0.27683454751968384 0.004823516588658094 0.012667536735534668 -0.0006119157187640667 -0.000866164336912334 -0.0021941568702459335 0.9999970197677612
1772378244.299822330 0.28123801946640015 0.005484049674123526 0.009263753890991211 -0.0011141629656776786 -0.0021676302421838045 -0.0026854313910007477 0.9999933838844299
1772378244.360728741 0.2767830491065979 0.007171505596488714 0.010425567626953125 -0.0010003084316849709 -0.0017605622997507453 -0.003687753342092037 0.9999911189079285
1772378244.384122849 0.2790910005569458 0.008749652653932571 0.009513378143310547 -0.001443181768991053 -0.002180112060159445 -0.004711177200078964 0.9999854564666748
1772378244.404659510 0.28008711338043213 0.00835660845041275 0.010326623916625977 -0.0009916758863255382 -0.00171972019597888 -0.00420530466362834 0.9999891519546509
1772378244.434303284 0.27845364809036255 0.009095164015889168 0.0115128755569458 -0.0012355452636256814 -0.0012357481755316257 -0.004725209437310696 0.9999873042106628
1772378244.521680593 0.2824978828430176 0.00976318959146738 0.010543584823608398 -0.0012483712052926421 -0.0017841826193034649 -0.005038727540522814 0.9999849200248718
1772378244.554963827 0.2843325138092041 0.010675013065338135 0.00997316837310791 -0.0011733255814760923 -0.0019809051882475615 -0.005148318596184254 0.999984085559845
1772378244.602926016 0.28618770837783813 0.009969687089323997 0.009683012962341309 -0.0011940350523218513 -0.0020804465748369694 -0.004908193834125996 0.9999850988388062
1772378244.626588821 0.2882411479949951 0.009697545319795609 0.008953452110290527 -0.0015083967009559274 -0.002211590763181448 -0.005043060053139925 0.9999836683273315
1772378244.638797760 0.28865158557891846 0.009644321165978909 0.010415077209472656 -0.0011639766162261367 -0.0016104941023513675 -0.0047826566733419895 0.9999865889549255
1772378244.671075583 0.2892913818359375 0.010757227428257465 0.011702299118041992 -0.0009386423625983298 -0.0011055683717131615 -0.005039769224822521 0.9999862313270569
1772378244.717008591 0.2898551821708679 0.01075776107609272 0.010366201400756836 -0.00099201372358948 -0.0017369366250932217 -0.005206179339438677 0.9999844431877136
1772378244.762835264 0.29156410694122314 0.010504575446248055 0.009707927703857422 -0.0017927141161635518 -0.002106869127601385 -0.005762164015322924 0.999979555606842
1772378244.788017511 0.29218631982803345 0.011469963937997818 0.010669708251953125 -0.0018157626036554575 -0.0016780626028776169 -0.006016348488628864 0.9999788403511047
1772378244.803589821 0.2954605221748352 0.011353271082043648 0.009737014770507812 -0.0014231759123504162 -0.002192229265347123 -0.005607596132904291 0.9999808669090271
1772378244.836420536 0.29559051990509033 0.009805534034967422 0.010761857032775879 -0.000968714477494359 -0.001771816285327077 -0.005033992696553469 0.9999852776527405
1772378244.915237904 0.29750436544418335 0.010965622961521149 0.010013818740844727 -0.001261731842532754 -0.0022404775954782963 -0.005727528128772974 0.9999802708625793
1772378244.938574791 0.30027085542678833 0.011858319863677025 0.00831592082977295 -0.0014094026992097497 -0.002700802870094776 -0.006012866273522377 0.9999772906303406
1772378244.965239763 0.3031066656112671 0.01100064441561699 0.007351517677307129 -0.0017178684938699007 -0.0031155492179095745 -0.005863063037395477 0.9999764561653137
1772378244.984668255 0.30357789993286133 0.012347635813057423 0.008428692817687988 -0.0014555846573784947 -0.0028597048949450254 -0.006260306108742952 0.9999752640724182
1772378245.034565687 0.30948883295059204 0.009853891097009182 0.006972551345825195 -0.0015022822190076113 -0.003349398262798786 -0.005153835751116276 0.9999799728393555
1772378245.085099220 0.31000542640686035 0.010882621631026268 0.009176135063171387 -0.0010788041399791837 -0.0024844009894877672 -0.0053555225022137165 0.9999819993972778
1772378245.117543936 0.31102174520492554 0.010678435675799847 0.009332776069641113 -0.0012358666863292456 -0.0025044966023415327 -0.005374465137720108 0.9999816417694092
1772378245.146739483 0.31441813707351685 0.011643735691905022 0.006392240524291992 -0.001919240108691156 -0.0036644008941948414 -0.0061920033767819405 0.9999722838401794
1772378245.170312881 0.3144018054008484 0.010179544799029827 0.008741140365600586 -0.0014059316599741578 -0.002675571944564581 -0.005243339575827122 0.9999816417694092
1772378245.215736151 0.3174872398376465 0.010517500340938568 0.008939504623413086 -0.0013428759993985295 -0.002556651597842574 -0.005212964955717325 0.9999822378158569
1772378245.278687239 0.3225345015525818 0.00906582921743393 0.006672382354736328 -0.0013028791872784495 -0.0035431603901088238 -0.004800963681191206 0.9999813437461853
1772378245.342811584 0.3225039839744568 0.009855175390839577 0.007691025733947754 -0.0018305995035916567 -0.0032505053095519543 -0.005455168429762125 0.9999781250953674
1772378245.375280857 0.32495105266571045 0.010881451889872551 0.00852346420288086 -0.0015968616353347898 -0.0030423251446336508 -0.005549142137169838 0.9999786615371704
1772378245.435711622 0.3277161717414856 0.011480008251965046 0.007848620414733887 -0.001606668229214847 -0.0031582326628267765 -0.006062426138669252 0.999975323677063
1772378245.489372969 0.3301100730895996 0.0070845214650034904 0.007824063301086426 -0.0010448112152516842 -0.0029490955639630556 -0.004540927708148956 0.9999848008155823
1772378245.557239771 0.33231890201568604 0.011293521150946617 0.007545590400695801 -0.0018779438687488437 -0.0034754008520394564 -0.0060707032680511475 0.9999737739562988
1772378245.587409973 0.3346385359764099 0.011890381574630737 0.007476091384887695 -0.0018059094436466694 -0.0036029864568263292 -0.0062147704884409904 0.9999725818634033
1772378245.606228828 0.3353416323661804 0.010785295628011227 0.007906556129455566 -0.0018281462835147977 -0.003412113757804036 -0.005944231059402227 0.9999748468399048
1772378245.637939930 0.3360033631324768 0.011998992413282394 0.0077773332595825195 -0.0016697915270924568 -0.0035724916961044073 -0.006246429868042469 0.9999727010726929
1772378245.707257271 0.3378490209579468 0.013491734862327576 0.00796520709991455 -0.0019793903920799494 -0.0035173152573406696 -0.007051385939121246 0.9999669790267944
1772378245.778671503 0.3425126075744629 0.012023653835058212 0.006592273712158203 -0.0016974674072116613 -0.0038738641887903214 -0.006447248626500368 0.9999702572822571
1772378245.823539495 0.3434023857116699 0.014459018595516682 0.0069904327392578125 -0.0015713198808953166 -0.003827812848612666 -0.007163473404943943 0.9999657869338989
1772378245.872147083 0.3474569320678711 0.012412764132022858 0.006151795387268066 -0.002234833315014839 -0.004080499056726694 -0.006953322794288397 0.9999650120735168
1772378245.911041737 0.3467724323272705 0.014967970550060272 0.006730079650878906 -0.002781794872134924 -0.003798725549131632 -0.008435124531388283 0.9999533295631409
1772378245.968504906 0.3511046767234802 0.013700993731617928 0.006102323532104492 -0.0022727837786078453 -0.004163044970482588 -0.007780688349157572 0.9999584555625916
1772378246.032136440 0.3489445447921753 0.015328587964177132 0.008664131164550781 -0.0019878039602190256 -0.0031096895691007376 -0.008200731128454208 0.9999595284461975
1772378246.078071833 0.352618932723999 0.01583743467926979 0.008204936981201172 -0.001630263403058052 -0.003360241185873747 -0.008181910961866379 0.9999595284461975
1772378246.103083849 0.3540538549423218 0.015550058335065842 0.007876157760620117 -0.0021496599074453115 -0.003448866307735443 -0.008334713988006115 0.9999570250511169
1772378246.138300896 0.360617458820343 0.014188697561621666 0.005352139472961426 -0.002799999201670289 -0.004672159906476736 -0.00813340675085783 0.9999520778656006
1772378246.172867775 0.36163341999053955 0.014243073761463165 0.0064476728439331055 -0.002190869301557541 -0.004286257550120354 -0.007751947734504938 0.999958336353302
1772378246.207407236 0.3641105890274048 0.01389719545841217 0.0055397748947143555 -0.0026234237011522055 -0.004724200814962387 -0.007935418747365475 0.9999539256095886
1772378246.234387875 0.36398613452911377 0.014072220772504807 0.00653529167175293 -0.0023289506789296865 -0.004192935302853584 -0.00785734225064516 0.9999576210975647
1772378246.273376703 0.36593300104141235 0.014570041559636593 0.006589412689208984 -0.0024658613838255405 -0.0043779402039945126 -0.008407444693148136 0.9999520182609558
1772378246.303674936 0.36744368076324463 0.01465698517858982 0.006646275520324707 -0.0021953945979475975 -0.004297278355807066 -0.008039168082177639 0.9999560117721558
1772378246.368597031 0.36621707677841187 0.014183549210429192 0.00879979133605957 -0.0023457130882889032 -0.0033705986570566893 -0.008047880604863167 0.9999591708183289
1772378246.395203114 0.36815011501312256 0.013498037122189999 0.008214116096496582 -0.0023767866659909487 -0.003800092963501811 -0.007864992134273052 0.9999589920043945
1772378246.420170307 0.36990201473236084 0.013087945058941841 0.008068442344665527 -0.0022363553289324045 -0.003810381516814232 -0.007629190105944872 0.9999611377716064
1772378246.457438231 0.3718407154083252 0.012905791401863098 0.0083540678024292 -0.002271590055897832 -0.003893413580954075 -0.007563179358839989 0.9999611973762512
1772378246.498332262 0.3734361529350281 0.01354405377060175 0.008190035820007324 -0.001968218246474862 -0.0037279780954122543 -0.007626437582075596 0.9999620318412781
1772378246.542973280 0.3751879334449768 0.012437871657311916 0.009786248207092285 -0.0022307801991701126 -0.0031655298080295324 -0.007476644590497017 0.9999645352363586
1772378246.571721077 0.3783809542655945 0.013482208363711834 0.006763935089111328 -0.0025103678926825523 -0.004481816198676825 -0.008144373074173927 0.9999536275863647
1772378246.614518642 0.37957823276519775 0.016258541494607925 0.007775425910949707 -0.0021960637532174587 -0.004066796507686377 -0.008957985788583755 0.9999491572380066
1772378246.636272669 0.3814327120780945 0.01530003733932972 0.007314205169677734 -0.0023538623936474323 -0.004315624013543129 -0.008538985624909401 0.9999514222145081
1772378246.683865309 0.38037145137786865 0.015276940539479256 0.009031414985656738 -0.002453397959470749 -0.003497922560200095 -0.008716641925275326 0.9999528527259827
1772378246.717499018 0.3834537863731384 0.016393229365348816 0.007219433784484863 -0.002308519557118416 -0.0041327569633722305 -0.009150274097919464 0.9999468922615051
1772378246.749384642 0.3849746584892273 0.01551845297217369 0.007563948631286621 -0.0025260592810809612 -0.004060390405356884 -0.008926690556108952 0.9999486804008484
1772378246.778660297 0.3872184157371521 0.015439404174685478 0.006035208702087402 -0.0023182525765150785 -0.004553477745503187 -0.008877103216946125 0.9999475479125977
1772378246.807223558 0.3876821994781494 0.015941623598337173 0.00770413875579834 -0.0023258759174495935 -0.003992746584117413 -0.008828608319163322 0.9999503493309021
1772378246.842346430 0.3900761008262634 0.015900280326604843 0.006916403770446777 -0.0023091398179531097 -0.004284260328859091 -0.008950416930019855 0.9999480843544006
1772378246.918296099 0.3911769986152649 0.01652105525135994 0.007161855697631836 -0.002178181428462267 -0.004252955783158541 -0.009045570157468319 0.9999476671218872
1772378246.943901300 0.39163511991500854 0.015492783859372139 0.0093001127243042 -0.002315544057637453 -0.0035686218179762363 -0.008959794417023659 0.9999508261680603
1772378246.970711470 0.3946729898452759 0.015911394730210304 0.006946444511413574 -0.002452076878398657 -0.004275090526789427 -0.008999853394925594 0.9999473094940186
1772378246.991043329 0.3959658145904541 0.01583157293498516 0.0069397687911987305 -0.001966308569535613 -0.004415582865476608 -0.008743721060454845 0.9999500513076782
1772378247.015716553 0.39888763427734375 0.016482718288898468 0.006061911582946777 -0.0027228391263633966 -0.00483789062127471 -0.009436463005840778 0.999940037727356
1772378247.039465904 0.3988102674484253 0.01581285335123539 0.007535338401794434 -0.002340330509468913 -0.004217451438307762 -0.00907397735863924 0.999947190284729
1772378247.098609209 0.4008704423904419 0.01621977612376213 0.007301449775695801 -0.0023794383741915226 -0.004481008276343346 -0.009162191301584244 0.9999451041221619
1772378247.128584385 0.40083086490631104 0.01574097014963627 0.009376883506774902 -0.002451147185638547 -0.0037715984508395195 -0.00908257532864809 0.9999486207962036
1772378247.194548607 0.4042436480522156 0.0153580904006958 0.006969451904296875 -0.00262048514559865 -0.004636813420802355 -0.00916649866849184 0.9999437928199768
1772378247.243240356 0.40723949670791626 0.016064006835222244 0.007523775100708008 -0.0023978580720722675 -0.00435033580288291 -0.00935340952128172 0.9999439120292664
1772378247.281382322 0.4118116497993469 0.018171539530158043 0.0053975582122802734 -0.002537303138524294 -0.005033781751990318 -0.010166185908019543 0.9999324083328247
1772378247.354895830 0.41018879413604736 0.018112368881702423 0.0110853910446167 -0.0021195311564952135 -0.002746448153629899 -0.009855533950030804 0.9999454021453857
1772378247.378549576 0.41120439767837524 0.016713349148631096 0.010768771171569824 -0.0018917997367680073 -0.0029749947134405375 -0.00921674259006977 0.9999513030052185
1772378247.403707504 0.41443753242492676 0.01841403730213642 0.009502887725830078 -0.001988176489248872 -0.0034421111922711134 -0.009749067015945911 0.9999445676803589
1772378247.423419952 0.41571974754333496 0.016950441524386406 0.009992361068725586 -0.002255081431940198 -0.0032683636527508497 -0.009483748115599155 0.9999471306800842
1772378247.450619698 0.4160410165786743 0.01767798513174057 0.01057589054107666 -0.002520667389035225 -0.002906440757215023 -0.009850098751485348 0.9999440908432007
1772378247.559977055 0.42281466722488403 0.015175063163042068 0.009714126586914062 -0.00222626025788486 -0.003270259127020836 -0.008526384830474854 0.9999558329582214
1772378247.592934847 0.42450928688049316 0.01679457537829876 0.010003328323364258 -0.002430782187730074 -0.0031151273287832737 -0.009145425632596016 0.9999503493309021
1772378247.611526251 0.42546218633651733 0.014838356524705887 0.010199666023254395 -0.002066659042611718 -0.003097116481512785 -0.008367701433598995 0.9999580383300781
1772378247.639288187 0.4271559715270996 0.0142841637134552 0.010032892227172852 -0.002443324076011777 -0.0030634866561740637 -0.008497735485434532 0.9999561905860901
1772378247.672966480 0.4280380606651306 0.016963385045528412 0.010516881942749023 -0.0019254168728366494 -0.0028139029163867235 -0.00908715557307005 0.9999529123306274
1772378247.729761124 0.4292190670967102 0.016736561432480812 0.010649323463439941 -0.0019446003716439009 -0.0028813378885388374 -0.00911325216293335 0.9999524354934692
1772378247.842406511 0.43041378259658813 0.017819298431277275 0.011548757553100586 -0.0021875675301998854 -0.002917356789112091 -0.00987378042191267 0.9999445676803589
1772378247.868435144 0.432594358921051 0.01809794083237648 0.010644912719726562 -0.001945576979778707 -0.0031452602706849575 -0.00980107020586729 0.9999451041221619
1772378247.884739399 0.4353536367416382 0.018365275114774704 0.009535670280456543 -0.0018648618133738637 -0.0035556391812860966 -0.010088431648910046 0.9999410510063171
1772378247.917581797 0.4364713430404663 0.017953727394342422 0.010973691940307617 -0.0022109595593065023 -0.003081558970734477 -0.010091673582792282 0.999941885471344
1772378247.944783449 0.4383631944656372 0.018069196492433548 0.009711623191833496 -0.001850109314545989 -0.0035171066410839558 -0.009960020892322063 0.9999424815177917
1772378248.008583069 0.43937116861343384 0.018039725720882416 0.009480476379394531 -0.0022401262540370226 -0.003492488292977214 -0.010068140923976898 0.9999406933784485
1772378248.032393217 0.44255340099334717 0.01850372925400734 0.00711369514465332 -0.002174986293539405 -0.0043847886845469475 -0.01025063544511795 0.9999354481697083
1772378248.052419424 0.44331037998199463 0.017514780163764954 0.008361101150512695 -0.002139799762517214 -0.004017042461782694 -0.01003967970609665 0.9999392032623291
1772378248.069517612 0.44215482473373413 0.01933566853404045 0.011468052864074707 -0.0024103557225316763 -0.002671061782166362 -0.010818753391504288 0.99993497133255
1772378248.123338461 0.4445721507072449 0.018288124352693558 0.010535836219787598 -0.002429100451990962 -0.0030190367251634598 -0.010471765883266926 0.9999376535415649
1772378248.148577929 0.4481279253959656 0.018294017761945724 0.00828242301940918 -0.002550893696025014 -0.00396479619666934 -0.010538515634834766 0.9999333620071411
1772378248.221019745 0.4497188925743103 0.014998617582023144 0.008929610252380371 -0.002099826466292143 -0.0038537972141057253 -0.00930196512490511 0.9999471306800842
1772378248.276783705 0.45069366693496704 0.019454043358564377 0.010857343673706055 -0.002294801641255617 -0.003129794728010893 -0.010807935148477554 0.9999340772628784
1772378248.320703506 0.45644235610961914 0.018966838717460632 0.007518649101257324 -0.0021845106966793537 -0.004275534301996231 -0.010492537170648575 0.9999334216117859
1772378248.377171278 0.45951253175735474 0.018464762717485428 0.007429003715515137 -0.0021520352456718683 -0.004506221041083336 -0.010447974316775799 0.9999329447746277
1772378248.399366856 0.46060025691986084 0.01948348432779312 0.008544564247131348 -0.0018608726095408201 -0.0040662651881575584 -0.010660498403012753 0.9999331831932068
1772378248.434671879 0.4625527262687683 0.019655561074614525 0.007140994071960449 -0.0019283927977085114 -0.004889277741312981 -0.010988712310791016 0.9999257922172546
1772378248.479162216 0.462006151676178 0.021719524636864662 0.009050369262695312 -0.0020281849429011345 -0.0039876531809568405 -0.011813292279839516 0.9999201893806458
1772378248.524048090 0.46555185317993164 0.01924985647201538 0.006998181343078613 -0.0018136152066290379 -0.004819090478122234 -0.010782306082546711 0.9999285936355591
1772378248.561806202 0.46752554178237915 0.020870115607976913 0.006208300590515137 -0.0023074732162058353 -0.0048603578470647335 -0.011752283200621605 0.9999164342880249
1772378248.597661972 0.4698646068572998 0.020916640758514404 0.005785822868347168 -0.002217264613136649 -0.0051287258975207806 -0.011522178538143635 0.9999179840087891
1772378248.614245653 0.471610963344574 0.01904035359621048 0.005372405052185059 -0.0016829001251608133 -0.00545164942741394 -0.01054937019944191 0.9999280571937561
1772378248.646017790 0.4691241383552551 0.018566522747278214 0.009666085243225098 -0.0022410000674426556 -0.003871748223900795 -0.010840303264558315 0.9999312162399292
1772378248.671102762 0.4717993140220642 0.020579535514116287 0.008861303329467773 -0.0023252342361956835 -0.004235552623867989 -0.011549207381904125 0.9999216198921204
1772378248.701387405 0.47329407930374146 0.022323045879602432 0.008353471755981445 -0.0023900156375020742 -0.0045988960191607475 -0.012348460964858532 0.9999103546142578
1772378248.733764410 0.47730451822280884 0.021825041621923447 0.0052907466888427734 -0.002188719343394041 -0.005455566104501486 -0.012050689198076725 0.9999101161956787
1772378248.767694235 0.476587176322937 0.020904159173369408 0.0077430009841918945 -0.0022796879056841135 -0.004696074407547712 -0.011721916496753693 0.9999176859855652
1772378248.799753428 0.47674018144607544 0.021993029862642288 0.008566617965698242 -0.0024704174138605595 -0.0043570781126618385 -0.012422467581927776 0.999910295009613
1772378248.910308599 0.48025190830230713 0.020428266376256943 0.007875204086303711 -0.002256721956655383 -0.004515673033893108 -0.01171454880386591 0.9999186396598816
1772378248.944276810 0.48465538024902344 0.019150517880916595 0.004961967468261719 -0.0023651726078242064 -0.005779113154858351 -0.011423778720200062 0.9999152421951294
1772378248.955953836 0.4836798310279846 0.021501507610082626 0.008125662803649902 -0.002451282925903797 -0.004552761558443308 -0.012136748991906643 0.9999129772186279
1772378248.966718912 0.4864603877067566 0.019271522760391235 0.0063561201095581055 -0.002222225768491626 -0.0052644298411905766 -0.011298534460365772 0.9999198317527771
1772378249.004549026 0.4865330457687378 0.02179969660937786 0.008124947547912598 -0.002399831311777234 -0.004357852973043919 -0.012351184152066708 0.999911367893219
1772378249.046345472 0.4928995370864868 0.020064890384674072 0.003912568092346191 -0.0019289893098175526 -0.006280174478888512 -0.011247370392084122 0.9999151825904846
1772378249.090999842 0.4945838451385498 0.019788943231105804 0.003680706024169922 -0.00230009900406003 -0.006335302721709013 -0.011492100544273853 0.9999112486839294
1772378249.152045965 0.4960487484931946 0.02219196781516075 0.0047675371170043945 -0.0025414694100618362 -0.0060928016901016235 -0.012616332620382309 0.9998986124992371
1772378249.181564808 0.4959777593612671 0.01988171599805355 0.006447911262512207 -0.0023835343308746815 -0.00537791708484292 -0.011891488917171955 0.9999119639396667
1772378249.204164743 0.49972736835479736 0.023207318037748337 0.004151582717895508 -0.002573139499872923 -0.006211741361767054 -0.01291709579527378 0.9998939633369446
1772378249.234888077 0.5005596876144409 0.020781543105840683 0.005205392837524414 -0.002382818842306733 -0.005781134124845266 -0.012199406512081623 0.9999060034751892
1772378249.264290094 0.4990708827972412 0.02202746644616127 0.007780671119689941 -0.00225336872972548 -0.004612722434103489 -0.012577828019857407 0.9999077320098877
1772378249.304358959 0.5017184019088745 0.020705649629235268 0.006835222244262695 -0.0026958307716995478 -0.005073701962828636 -0.012308451347053051 0.9999077320098877
1772378249.335341692 0.5053280591964722 0.021327849477529526 0.0041468143463134766 -0.0026700154412537813 -0.005923526361584663 -0.012621751055121422 0.9998992085456848
1772378249.366403103 0.5050285458564758 0.02012166753411293 0.006789445877075195 -0.002364777261391282 -0.0052420306019485 -0.011885857209563255 0.9999127984046936
1772378249.398817301 0.5065523386001587 0.019428763538599014 0.006991028785705566 -0.0021998260635882616 -0.00502148550003767 -0.011664288118481636 0.9999169111251831
1772378249.445565224 0.5067276954650879 0.021061725914478302 0.008667469024658203 -0.0027633735444396734 -0.00433418108150363 -0.01246967539191246 0.9999090433120728
1772378249.468229294 0.5108627080917358 0.022372478619217873 0.0052078962326049805 -0.002749453531578183 -0.00607453566044569 -0.012854807078838348 0.9998951554298401
1772378249.498310804 0.5150337219238281 0.021052565425634384 0.002698540687561035 -0.0031767459586262703 -0.006456050556153059 -0.012858903966844082 0.9998914003372192
1772378249.546578646 0.5151148438453674 0.020895570516586304 0.00420069694519043 -0.003085062140598893 -0.006041727494448423 -0.012697194702923298 0.9998964071273804
1772378249.596907377 0.5188677310943604 0.021923525258898735 0.0034580230712890625 -0.0026109216269105673 -0.006457961164414883 -0.01287158578634262 0.9998928904533386
1772378249.641679049 0.5202808380126953 0.02161167934536934 0.003661632537841797 -0.0029329857788980007 -0.00641210563480854 -0.012926814146339893 0.9998915791511536
1772378249.673067093 0.5230481624603271 0.02183416858315468 0.001503586769104004 -0.0032702339813113213 -0.007186073809862137 -0.013257869519293308 0.9998809099197388
1772378249.756804705 0.5210241675376892 0.023301806300878525 0.0066318511962890625 -0.002458112081512809 -0.005464539397507906 -0.013308544643223286 0.9998934864997864
1772378249.781198263 0.522331714630127 0.023344915360212326 0.006374359130859375 -0.002602257067337632 -0.0054903351701796055 -0.013598441146314144 0.999889075756073
1772378249.802891016 0.5248655676841736 0.023526927456259727 0.005264759063720703 -0.002628868445754051 -0.006002605427056551 -0.013598418794572353 0.9998860359191895
1772378249.838234663 0.5250666737556458 0.023433201014995575 0.007102608680725098 -0.002640897175297141 -0.005323600955307484 -0.013640058226883411 0.9998893141746521
1772378249.848182440 0.5276967287063599 0.024186860769987106 0.0064334869384765625 -0.0026915983762592077 -0.005622962024062872 -0.013936254195868969 0.9998834729194641
1772378249.888257504 0.5262057185173035 0.02269185706973076 0.00890970230102539 -0.0028579747304320335 -0.004593884572386742 -0.013511229306459427 0.9998940825462341
1772378249.907865524 0.5306249260902405 0.022088918834924698 0.005853414535522461 -0.003067055018618703 -0.005485368426889181 -0.013537514954805374 0.9998885989189148
1772378249.963660240 0.52955162525177 0.022699255496263504 0.008251786231994629 -0.003063637064769864 -0.0046511306427419186 -0.013675237074494362 0.9998909831047058
1772378249.997533560 0.5304068922996521 0.023052126169204712 0.008838772773742676 -0.0028202037792652845 -0.004326315131038427 -0.013541266322135925 0.9998949766159058
1772378250.023129702 0.5325411558151245 0.02293102815747261 0.008275032043457031 -0.002466931939125061 -0.004433751106262207 -0.013405723497271538 0.9998972415924072
1772378250.040280581 0.5333055853843689 0.02286316454410553 0.009568214416503906 -0.002603375818580389 -0.00404147244989872 -0.013467630371451378 0.9998977780342102
1772378250.080961704 0.5365393161773682 0.023483801633119583 0.007777571678161621 -0.0025267682503908873 -0.00472062174230814 -0.013672015629708767 0.9998921751976013
1772378250.120294333 0.5383062958717346 0.023406634107232094 0.007068753242492676 -0.0030576717108488083 -0.004970399662852287 -0.013989349827170372 0.999885082244873
1772378250.150758028 0.5409493446350098 0.024181002750992775 0.007170557975769043 -0.0023618782870471478 -0.00527911726385355 -0.013979144394397736 0.9998855590820312
1772378250.186078787 0.5408505797386169 0.024601543322205544 0.008816361427307129 -0.002559057669714093 -0.00468890555202961 -0.014176624827086926 0.9998852610588074
1772378250.216136456 0.5417940020561218 0.02427651360630989 0.009821534156799316 -0.002228996017947793 -0.004238405264914036 -0.014005077071487904 0.9998904466629028
1772378250.300597191 0.5476965308189392 0.024992752820253372 0.007965803146362305 -0.0023615050595253706 -0.004918726626783609 -0.014278404414653778 0.9998831748962402
1772378250.348981142 0.5490642786026001 0.02281699702143669 0.008654356002807617 -0.0027552710380405188 -0.004830491729080677 -0.013581590726971626 0.9998922944068909
1772378250.395361423 0.5509626865386963 0.023704780265688896 0.008181333541870117 -0.0026700955349951982 -0.004949689842760563 -0.013969143852591515 0.9998866319656372
1772378250.439683914 0.5537663698196411 0.023442339152097702 0.008824706077575684 -0.0025093054864555597 -0.004813121631741524 -0.013840219005942345 0.9998894929885864
1772378250.558810949 0.5566635727882385 0.02399100363254547 0.010428905487060547 -0.0025143492966890335 -0.004069776739925146 -0.014099208638072014 0.9998891353607178
1772378250.593779087 0.5575473308563232 0.02301918715238571 0.011709928512573242 -0.0027090550865978003 -0.0036336774937808514 -0.01385677419602871 0.9998937249183655
1772378250.632831812 0.5604948997497559 0.023252351209521294 0.009734153747558594 -0.003167083254083991 -0.004204801749438047 -0.014231299050152302 0.999884843826294
1772378250.659176350 0.5633519291877747 0.023249663412570953 0.00817108154296875 -0.002962759230285883 -0.004811129532754421 -0.014191201888024807 0.9998833537101746
1772378250.679495811 0.5624982118606567 0.02422061748802662 0.011295795440673828 -0.0024898324627429247 -0.003726449329406023 -0.014101101085543633 0.9998905062675476
1772378250.704452515 0.5628455281257629 0.02424444630742073 0.011587738990783691 -0.0030800928361713886 -0.003490246832370758 -0.014378335326910019 0.9998857975006104
1772378250.768863201 0.5636182427406311 0.026388565078377724 0.01270604133605957 -0.002893496071919799 -0.0027571290265768766 -0.015295898541808128 0.999875009059906
1772378250.801149607 0.5656379461288452 0.024492746219038963 0.011148929595947266 -0.003179691731929779 -0.0034663851838558912 -0.014754495583474636 0.9998800754547119
1772378250.823273420 0.5690587162971497 0.02538677118718624 0.01032721996307373 -0.0024768225848674774 -0.004126215353608131 -0.014588120393455029 0.9998819828033447
1772378250.837695837 0.5707488059997559 0.024001194164156914 0.009467601776123047 -0.0028362679295241833 -0.004211402963846922 -0.014406752772629261 0.9998832941055298
1772378250.866804838 0.5682052373886108 0.0251924991607666 0.013781309127807617 -0.002650592243298888 -0.002590737072750926 -0.014640367589890957 0.9998859763145447
1772378250.908065081 0.5730862021446228 0.02402273565530777 0.009165406227111816 -0.0028733902145177126 -0.004079202190041542 -0.014840294606983662 0.9998774528503418
1772378250.949423552 0.5731160640716553 0.026123566552996635 0.010807394981384277 -0.0027988271322101355 -0.0035275386180728674 -0.015351726673543453 0.9998720288276672
1772378250.977829456 0.5719117522239685 0.02766904979944229 0.013841390609741211 -0.0031820230651646852 -0.0023500584065914154 -0.016046924516558647 0.9998634457588196
1772378251.019670010 0.5766865611076355 0.02623020112514496 0.010502099990844727 -0.003474864177405834 -0.0036865307483822107 -0.01602793112397194 0.9998587369918823
1772378251.043374777 0.5777232646942139 0.027333753183484077 0.010491609573364258 -0.0033175526186823845 -0.0035414390731602907 -0.01603606902062893 0.999859631061554
1772378251.159890890 0.5819310545921326 0.02646353840827942 0.012147068977355957 -0.0031648664735257626 -0.0032643452286720276 -0.01616622880101204 0.9998589754104614
1772378251.198052406 0.5834267139434814 0.026664352044463158 0.011836647987365723 -0.0028879507444798946 -0.0033586672507226467 -0.016031399369239807 0.9998616576194763
1772378251.225608110 0.5844986438751221 0.02706717699766159 0.012666583061218262 -0.0029691397212445736 -0.0030225974041968584 -0.016190120950341225 0.9998599886894226
1772378251.248817921 0.5863760113716125 0.027594245970249176 0.01230764389038086 -0.0035258084535598755 -0.0031123573426157236 -0.016765043139457703 0.9998484253883362
1772378251.316450834 0.5884337425231934 0.02675807848572731 0.012598276138305664 -0.002872923854738474 -0.003072087885811925 -0.01589001715183258 0.9998648762702942
1772378251.355356455 0.5909053683280945 0.026233617216348648 0.011829137802124023 -0.002735510701313615 -0.003404965391382575 -0.015710977837443352 0.9998670220375061
1772378251.410570860 0.5915494561195374 0.027150660753250122 0.014707446098327637 -0.0034245627466589212 -0.0020546349696815014 -0.016523631289601326 0.9998555183410645
1772378251.540561914 0.5966873168945312 0.02589436247944832 0.013297200202941895 -0.003420822788029909 -0.0027090213261544704 -0.015845701098442078 0.999864935874939
1772378251.567052603 0.5982254147529602 0.026742365211248398 0.013370513916015625 -0.00294484687037766 -0.0026788096874952316 -0.01575094275176525 0.9998680353164673
1772378251.594380379 0.5983317494392395 0.026522275060415268 0.015085458755493164 -0.0033137642312794924 -0.001931855920702219 -0.015989409759640694 0.9998648166656494
1772378251.618020535 0.6007319688796997 0.027326148003339767 0.014493107795715332 -0.0029145912267267704 -0.0022783512249588966 -0.01621454954147339 0.9998617172241211
1772378251.641350985 0.6027049422264099 0.026408076286315918 0.01394188404083252 -0.0029721837490797043 -0.0023809729609638453 -0.015910964459180832 0.9998661279678345
1772378251.709015608 0.6053040623664856 0.026680393144488335 0.013793587684631348 -0.0026162380818277597 -0.002500643255189061 -0.01587310992181301 0.9998674392700195
1772378251.743948936 0.6056150794029236 0.02892492525279522 0.01564812660217285 -0.0034560482017695904 -0.001728845527395606 -0.01699625328183174 0.9998480677604675
1772378251.889477253 0.6135091185569763 0.026850147172808647 0.012685894966125488 -0.0030648247338831425 -0.002787783043459058 -0.016311170533299446 0.9998583793640137
1772378251.924574375 0.6132127642631531 0.026896469295024872 0.0144730806350708 -0.0029234252870082855 -0.0022109062410891056 -0.016182174906134605 0.9998623132705688
1772378251.948866844 0.6182758212089539 0.026254475116729736 0.01021730899810791 -0.0024231672286987305 -0.0038873625453561544 -0.015777157619595528 0.9998650550842285
1772378252.012060642 0.6202749013900757 0.02588891051709652 0.012134075164794922 -0.0027801720425486565 -0.003204657230526209 -0.016094379127025604 0.999861478805542
1772378252.045419455 0.6208089590072632 0.02672775462269783 0.012511849403381348 -0.0033642128109931946 -0.0029580076225101948 -0.016494276002049446 0.9998539090156555
1772378252.148792744 0.6241099238395691 0.02701408974826336 0.01220703125 -0.003069005673751235 -0.0028330881614238024 -0.016637498512864113 0.9998528957366943
1772378252.183021307 0.6257849335670471 0.028403835371136665 0.012439370155334473 -0.003430963261052966 -0.002890557749196887 -0.017197491601109505 0.9998420476913452
1772378252.208875418 0.6270867586135864 0.0268735121935606 0.012246251106262207 -0.0032059052027761936 -0.003127312520518899 -0.016684656962752342 0.9998507499694824
1772378252.219796419 0.6277693510055542 0.027270197868347168 0.014060378074645996 -0.002860775450244546 -0.002355092205107212 -0.016669675707817078 0.9998542070388794
1772378252.262498617 0.6311102509498596 0.028444796800613403 0.011463046073913574 -0.0033928006887435913 -0.003141899826005101 -0.017400173470377922 0.9998379349708557
1772378252.279159546 0.6313270926475525 0.027645904570817947 0.013023853302001953 -0.003254309296607971 -0.0028729995246976614 -0.017103707417845726 0.9998443126678467
1772378252.311259747 0.6315332651138306 0.025834932923316956 0.013203740119934082 -0.003176478436216712 -0.002632430288940668 -0.016311634331941605 0.9998584389686584
1772378252.351235390 0.629210889339447 0.025526396930217743 0.01742100715637207 -0.0019252391066402197 -0.0014671300305053592 -0.015659872442483902 0.9998744130134583
1772378252.383749723 0.6323719620704651 0.027533503249287605 0.01570308208465576 -0.0027188060339540243 -0.0016418970189988613 -0.01675146445631981 0.9998546242713928
1772378252.413356066 0.6341047883033752 0.02613682858645916 0.01598203182220459 -0.0031717554666101933 -0.0016417527804151177 -0.01664052903652191 0.9998551607131958
1772378252.535584211 0.6393377184867859 0.029538527131080627 0.0161285400390625 -0.0028013179544359446 -0.0016566908452659845 -0.017737913876771927 0.9998373985290527
1772378252.560419321 0.6402115821838379 0.028832217678427696 0.016256093978881836 -0.0028209618758410215 -0.0014254892012104392 -0.017618592828512192 0.9998397827148438
1772378252.579692125 0.6436554789543152 0.02877083048224449 0.013926386833190918 -0.0029577421955764294 -0.0023483415134251118 -0.017629345878958702 0.9998374581336975
1772378252.602759600 0.6442718505859375 0.02972348965704441 0.015452980995178223 -0.0029839572962373495 -0.0018667465774342418 -0.018042095005512238 0.9998310208320618
1772378252.729902267 0.6453317999839783 0.029274050146341324 0.018573403358459473 -0.002565337112173438 -0.0004947791458107531 -0.01772269792854786 0.9998395442962646
1772378252.757333040 0.6495044231414795 0.029472561553120613 0.015321969985961914 -0.0026294055860489607 -0.0015901592560112476 -0.017768198624253273 0.9998373985290527
1772378252.796282530 0.6477481722831726 0.029556594789028168 0.019040822982788086 -0.0027256342582404613 -0.0002849065640475601 -0.017941560596227646 0.9998353123664856
1772378252.847136736 0.6528546810150146 0.030482375994324684 0.01644730567932129 -0.0027713284362107515 -0.0012380840489640832 -0.018442485481500626 0.9998252987861633
1772378252.881729364 0.6597346067428589 0.029943324625492096 0.011902213096618652 -0.002681629965081811 -0.0031933134887367487 -0.01800096407532692 0.9998292922973633
1772378252.918300867 0.658669650554657 0.03041122294962406 0.014322996139526367 -0.002662902232259512 -0.002297732513397932 -0.01816120184957981 0.9998288750648499
1772378252.950861692 0.6588289737701416 0.029296517372131348 0.015370488166809082 -0.0028649852611124516 -0.0018228311091661453 -0.017925919964909554 0.9998335838317871
1772378253.030109406 0.6628748774528503 0.03211954981088638 0.013996362686157227 -0.0032259353902190924 -0.002274593571200967 -0.019508492201566696 0.9998019337654114
1772378253.110300541 0.6680334210395813 0.030828267335891724 0.014012694358825684 -0.0025410121306777 -0.0024016411043703556 -0.01856052316725254 0.9998216032981873
1772378253.162707090 0.6695452928543091 0.031338565051555634 0.014074087142944336 -0.00327123049646616 -0.0023443743120878935 -0.019274942576885223 0.9998061060905457
1772378253.187059641 0.6712698936462402 0.03180215507745743 0.01316678524017334 -0.0028102826327085495 -0.002610658761113882 -0.019053466618061066 0.9998111128807068
1772378253.217209101 0.6711148023605347 0.03266531229019165 0.016514301300048828 -0.002818487351760268 -0.0013893012655898929 -0.01928996667265892 0.9998090267181396
1772378253.278272629 0.6738156080245972 0.03358426317572594 0.014980077743530273 -0.0022757737897336483 -0.001865054597146809 -0.019620416685938835 0.9998031854629517
1772378253.344278812 0.6753279566764832 0.03370315581560135 0.01548147201538086 -0.0025996151380240917 -0.0017995014786720276 -0.019852615892887115 0.9997979402542114
1772378253.386662483 0.6795873641967773 0.03374405577778816 0.013576388359069824 -0.002520680194720626 -0.0027486938051879406 -0.019966863095760345 0.9997937083244324
1772378253.411655426 0.6822889447212219 0.0330638587474823 0.0117950439453125 -0.0024150521494448185 -0.0036104118917137384 -0.01986975222826004 0.9997931718826294
1772378253.529640913 0.6813963651657104 0.03513818979263306 0.017708659172058105 -0.0027843669522553682 -0.000716070644557476 -0.020987870171666145 0.9997755885124207
1772378253.564423084 0.6839084625244141 0.03474627062678337 0.015667438507080078 -0.002957425080239773 -0.0014928376767784357 -0.020890487357974052 0.999776303768158
1772378253.694854498 0.6898480653762817 0.03731975704431534 0.016681790351867676 -0.0024730947334319353 -0.001544030848890543 -0.021736323833465576 0.9997594952583313
1772378253.724230528 0.6899910569190979 0.036563076078891754 0.018593311309814453 -0.0025320781860500574 -0.0005952196079306304 -0.02144746109843254 0.9997665882110596
1772378253.747879505 0.6932597160339355 0.03460069000720978 0.01562654972076416 -0.002456583548337221 -0.001722826506011188 -0.0209646113216877 0.9997757077217102
1772378253.782731295 0.6943477392196655 0.035092659294605255 0.01761484146118164 -0.0029048947617411613 -0.0009198131738230586 -0.021301472559571266 0.9997684955596924
1772378253.817231417 0.7005893588066101 0.03467223048210144 0.011882305145263672 -0.0024741054512560368 -0.0034847662318497896 -0.0210427213460207 0.9997694492340088
1772378253.859112263 0.69789719581604 0.034733884036540985 0.016399025917053223 -0.00237757945433259 -0.001465584966354072 -0.020858624950051308 0.9997785091400146
1772378253.879384279 0.702215850353241 0.03493337333202362 0.013332247734069824 -0.0029283748008310795 -0.002799552632495761 -0.02141563594341278 0.9997624754905701
1772378253.913839817 0.7011997103691101 0.036658875644207 0.015787720680236816 -0.003441286040470004 -0.001608564518392086 -0.022338546812534332 0.9997432231903076
1772378253.955152750 0.702745795249939 0.034078072756528854 0.015577554702758789 -0.002448444487527013 -0.0016878875903785229 -0.020869014784693718 0.9997777938842773
1772378253.986893177 0.7062944769859314 0.03761959820985794 0.013191461563110352 -0.003311694134026766 -0.002967443550005555 -0.02273573726415634 0.9997316002845764
1772378254.013394833 0.7084224224090576 0.03686346858739853 0.011832356452941895 -0.002796383574604988 -0.0038968208245933056 -0.022140180692076683 0.9997433423995972
1772378254.057477474 0.7053813338279724 0.03541121259331703 0.018642425537109375 -0.0028186968993395567 -0.0006918561994098127 -0.021447565406560898 0.9997657537460327
1772378254.097240448 0.7116411328315735 0.037553075700998306 0.01289522647857666 -0.002524822484701872 -0.0032066423445940018 -0.02228509820997715 0.9997433423995972
1772378254.157340765 0.7165935039520264 0.03610026091337204 0.010897397994995117 -0.002854946767911315 -0.004083419218659401 -0.022119125351309776 0.9997429251670837
1772378254.192326069 0.7144027352333069 0.0361797921359539 0.015271902084350586 -0.002229774836450815 -0.0024107848294079304 -0.02160959504544735 0.9997611045837402
1772378254.221721172 0.7194118499755859 0.036969538778066635 0.011365771293640137 -0.002468153601512313 -0.0038037740159779787 -0.022192198783159256 0.9997434020042419
1772378254.366696358 0.7331310510635376 0.038549840450286865 0.002548813819885254 -0.0037453046534210443 -0.00782494992017746 -0.023554647341370583 0.9996849298477173
1772378254.413157463 0.7313757538795471 0.03909340128302574 0.0064247846603393555 -0.003030365100130439 -0.006137412041425705 -0.023302758112549782 0.9997050166130066
1772378254.438226938 0.7342613935470581 0.03804393857717514 0.005205750465393066 -0.001999061554670334 -0.006588171236217022 -0.02246672473847866 0.9997239112854004
1772378254.454110622 0.7346246242523193 0.03622617572546005 0.0063408613204956055 -0.0016620164969936013 -0.005974885076284409 -0.021689245477318764 0.9997454881668091
1772378254.565871477 0.7374809384346008 0.037657879292964935 0.008598566055297852 -0.0017071773763746023 -0.005497588310390711 -0.02216128259897232 0.9997378587722778
1772378254.651466608 0.741281270980835 0.03511907160282135 0.010048389434814453 -0.0015830920310691 -0.0045014494098722935 -0.021422408521175385 0.9997591376304626
1772378254.692871332 0.7438938617706299 0.03872574865818024 0.008725881576538086 -0.003102404996752739 -0.0053268615156412125 -0.02351480722427368 0.9997044801712036
1772378254.711260796 0.7417900562286377 0.03758194297552109 0.012845516204833984 -0.002379489364102483 -0.003745811991393566 -0.022661689668893814 0.9997333288192749
1772378254.748376369 0.7436797022819519 0.03741268441081047 0.011548280715942383 -0.003327314043417573 -0.004196390509605408 -0.023273834958672523 0.9997147917747498
1772378254.790172815 0.7432523369789124 0.036573752760887146 0.013723254203796387 -0.0027639116160571575 -0.0030937327537685633 -0.02250453643500805 0.9997380971908569
1772378254.824684143 0.741755485534668 0.03614431992173195 0.017349958419799805 -0.002321959938853979 -0.0017979624681174755 -0.022136077284812927 0.9997506141662598
1772378254.843545914 0.7478235960006714 0.037655118852853775 0.012134671211242676 -0.003115484956651926 -0.003727958770468831 -0.023273944854736328 0.9997172951698303
1772378254.881287098 0.7508422136306763 0.03560938686132431 0.011738300323486328 -0.0023358366452157497 -0.0039823707193136215 -0.02214442752301693 0.9997441172599792
1772378254.944850445 0.7580844759941101 0.03799740597605705 0.008049607276916504 -0.002822281327098608 -0.005871696397662163 -0.023057904094457626 0.9997128844261169
1772378254.988114119 0.7571004033088684 0.03688026964664459 0.01110219955444336 -0.002816790947690606 -0.004307355731725693 -0.022834178060293198 0.9997259974479675
1772378255.024246454 0.7586292028427124 0.036257825791835785 0.011256933212280273 -0.0031809669453650713 -0.004275694489479065 -0.022796595469117165 0.9997259378433228
1772378255.135665178 0.7651695609092712 0.038761548697948456 0.00932323932647705 -0.0014892526669427752 -0.0053088366985321045 -0.022699857130646706 0.9997271299362183
1772378255.212885618 0.76880943775177 0.039795778691768646 0.008364319801330566 -0.001953566912561655 -0.006091779097914696 -0.023577582091093063 0.9997015595436096
1772378255.239357948 0.770764172077179 0.03707973659038544 0.007405519485473633 -0.001089820172637701 -0.006306488066911697 -0.022181229665875435 0.9997334480285645
1772378255.259800673 0.7729260325431824 0.03692957013845444 0.007248401641845703 -0.001073360093869269 -0.006318927276879549 -0.022156817838549614 0.9997339844703674
1772378255.347386837 0.7788252830505371 0.03737248480319977 0.004101872444152832 -0.0018339197849854827 -0.007812593132257462 -0.022899506613612175 0.9997055530548096
1772378255.369643688 0.7789351344108582 0.03661653771996498 0.0051392316818237305 -0.0023378757759928703 -0.007475546095520258 -0.022948529571294785 0.999705970287323
1772378255.402818203 0.7815176248550415 0.036727312952280045 0.004287242889404297 -0.002351211616769433 -0.007974984124302864 -0.023005301132798195 0.9997007846832275
1772378255.494219542 0.788688600063324 0.03638062998652458 0.002078413963317871 -0.0016727085458114743 -0.0089322030544281 -0.022549230605363846 0.9997044205665588
1772378255.610779285 0.7931643128395081 0.03767538070678711 0.0014046430587768555 -0.002311019692569971 -0.009292553178966045 -0.02340233325958252 0.9996802806854248
1772378255.637351513 0.7951380610466003 0.036693207919597626 0.0014901161193847656 -0.0019332426600158215 -0.009078006260097027 -0.022965746000409126 0.9996931552886963
1772378255.680292368 0.7979949116706848 0.037301741540431976 0.0013654232025146484 -0.0019036660669371486 -0.009428992867469788 -0.023154551163315773 0.9996856451034546
1772378255.740122318 0.7983313798904419 0.03673355281352997 0.0021164417266845703 -0.0019342447631061077 -0.0088106170296669 -0.02319636568427086 0.9996902346611023
1772378255.768054962 0.7990120649337769 0.03613673523068428 0.0033922195434570312 -0.0005936519592069089 -0.007900397293269634 -0.022115645930171013 0.9997240304946899
1772378255.813709021 0.8151858448982239 0.0372280478477478 -0.012479782104492188 -0.0026939748786389828 -0.01576913520693779 -0.023981675505638123 0.999584436416626
1772378255.864300489 0.806242823600769 0.03912825509905815 -5.5909156799316406e-05 -0.0030462786089628935 -0.01024446077644825 -0.024725327268242836 0.9996371269226074
1772378255.900555849 0.8074907064437866 0.03871661797165871 -0.0002504587173461914 -0.0027327807620167732 -0.010278462432324886 -0.024554649367928505 0.9996418952941895
1772378255.957077503 0.8149347305297852 0.039444245398044586 -0.004282832145690918 -0.0029676007106900215 -0.012414539232850075 -0.024895573034882545 0.99960857629776
1772378256.029819965 0.8198189735412598 0.03831826522946358 -0.006134390830993652 -0.002791969571262598 -0.013143748044967651 -0.024579918012022972 0.9996075630187988
1772378256.059714317 0.828471839427948 0.03698013350367546 -0.014725565910339355 -0.003277526469901204 -0.01713504269719124 -0.024623000994324684 0.9995445609092712
1772378256.088909149 0.8331422805786133 0.0379798598587513 -0.018369078636169434 -0.002866711001843214 -0.018935110419988632 -0.02459489181637764 0.9995140433311462
1772378256.121854305 0.8287310004234314 0.037058062851428986 -0.011330008506774902 -0.002360949292778969 -0.015420082956552505 -0.02387622557580471 0.999593198299408
1772378256.165738583 0.8312942981719971 0.039348237216472626 -0.012275338172912598 -0.0030584665946662426 -0.016092510893940926 -0.02521919459104538 0.9995477199554443
1772378256.198433399 0.8326040506362915 0.03817133978009224 -0.012189149856567383 -0.0023499601520597935 -0.016125274822115898 -0.024470774456858635 0.9995676875114441
1772378256.221832037 0.8391275405883789 0.03665226325392723 -0.01777195930480957 -0.0021413899958133698 -0.01885746791958809 -0.02376660332083702 0.9995374083518982
1772378256.258974314 0.8369293212890625 0.03742627426981926 -0.014139056205749512 -0.0026224374305456877 -0.01700962893664837 -0.02440503053367138 0.9995539784431458
1772378256.317836761 0.8352470397949219 0.03767109289765358 -0.010239601135253906 -0.0038497350178658962 -0.015529721044003963 -0.025147199630737305 0.9995557069778442
1772378256.371133327 0.8375082612037659 0.03978978842496872 -0.008926033973693848 -0.0037570414133369923 -0.014302331954240799 -0.02612108364701271 0.999549388885498
1772378256.391856432 0.851191520690918 0.03636942058801651 -0.023078441619873047 -0.003783386666327715 -0.021583419293165207 -0.024907013401389122 0.9994495511054993
1772378256.426069021 0.8594516515731812 0.03553353250026703 -0.03056037425994873 -0.0028569221030920744 -0.024711662903428078 -0.023935534060001373 0.9994039535522461
1772378256.458564520 0.8489226698875427 0.037926673889160156 -0.016944289207458496 -0.0021512184757739305 -0.018654532730579376 -0.02462642826139927 0.9995203614234924
1772378256.489643097 0.8555822968482971 0.039666179567575455 -0.022534608840942383 -0.0037185922265052795 -0.021156854927539825 -0.026393814012408257 0.9994208216667175
1772378256.536613226 0.8540099859237671 0.03898536413908005 -0.01973271369934082 -0.003847560379654169 -0.01979823037981987 -0.025971580296754837 0.9994592070579529
1772378256.565761089 0.8570525050163269 0.039784736931324005 -0.021017789840698242 -0.0031010336242616177 -0.020439930260181427 -0.026089852675795555 0.9994457960128784
1772378256.604228735 0.858916699886322 0.041070178151130676 -0.021658658981323242 -0.0038259041029959917 -0.02087840437889099 -0.027122579514980316 0.9994067549705505
1772378256.664073467 0.8555032014846802 0.03967094421386719 -0.01439213752746582 -0.0030861487612128258 -0.017549194395542145 -0.02609211951494217 0.9995007514953613
1772378256.692841291 0.8671266436576843 0.04005195572972298 -0.02587878704071045 -0.004381365608423948 -0.02278638258576393 -0.027472831308841705 0.9993531703948975
1772378256.740837574 0.8615422248840332 0.04201328009366989 -0.0179445743560791 -0.003728848183527589 -0.01929941587150097 -0.027451522648334503 0.9994298815727234
1772378256.774342060 0.8718027472496033 0.04146049916744232 -0.0273740291595459 -0.00375222391448915 -0.023820770904421806 -0.02757469192147255 0.9993288516998291
1772378256.818405151 0.8718574047088623 0.039911918342113495 -0.02422177791595459 -0.0043133157305419445 -0.022112291306257248 -0.027448192238807678 0.9993693232536316
1772378256.930454493 0.876903235912323 0.042334068566560745 -0.02432262897491455 -0.0038342890329658985 -0.022015603259205818 -0.028130769729614258 0.9993544220924377
1772378256.964568377 0.8894634246826172 0.03861871734261513 -0.037049055099487305 -0.0038693901151418686 -0.028504658490419388 -0.026955721899867058 0.9992226362228394
1772378256.983196020 0.900724470615387 0.0404578298330307 -0.047088623046875 -0.00530940480530262 -0.03379790112376213 -0.028469255194067955 0.9990090131759644
1772378257.016616583 0.8836953043937683 0.042133208364248276 -0.025954246520996094 -0.004751285538077354 -0.02345280908048153 -0.028703631833195686 0.9993014931678772
1772378257.056418180 0.8844932913780212 0.043067075312137604 -0.025558948516845703 -0.004292589612305164 -0.023217078298330307 -0.028893323615193367 0.9993035793304443
1772378257.096851826 0.9026702642440796 0.040406957268714905 -0.04309189319610596 -0.0038622559513896704 -0.031734831631183624 -0.027736583724617958 0.9991039037704468
1772378257.204802513 0.9038633108139038 0.04158040136098862 -0.04012131690979004 -0.0043992516584694386 -0.030667191371321678 -0.02857946790754795 0.9991112947463989
1772378257.235376596 0.8995055556297302 0.042281001806259155 -0.033858656883239746 -0.003761789295822382 -0.027080213651061058 -0.02835804782807827 0.9992238879203796
1772378257.286859274 0.9152982831001282 0.03943044692277908 -0.0470501184463501 -0.004588882904499769 -0.03423691913485527 -0.02825433574616909 0.9990037679672241
1772378257.331607103 0.9200077056884766 0.03731393814086914 -0.05083441734313965 -0.004250734578818083 -0.03579716011881828 -0.027209917083382607 0.9989795684814453
1772378257.372488499 0.9145259857177734 0.038612041622400284 -0.0430607795715332 -0.0036832112818956375 -0.03224083036184311 -0.02729039080440998 0.9991006851196289
1772378257.440618753 0.9240977168083191 0.03731817007064819 -0.05189692974090576 -0.004306883085519075 -0.036882370710372925 -0.027118200436234474 0.9989423155784607
1772378257.473594666 0.9413196444511414 0.037439025938510895 -0.06518328189849854 -0.004536842927336693 -0.04349808022379875 -0.027710705995559692 0.9986588358879089
1772378257.492387533 0.9512279629707336 0.03512048348784447 -0.07313179969787598 -0.004633918404579163 -0.04844716191291809 -0.02723529003560543 0.998443603515625
1772378257.518044710 0.9375680685043335 0.0399065725505352 -0.056790947914123535 -0.00569135369732976 -0.04046487808227539 -0.02977004274725914 0.9987211227416992
1772378257.555639505 0.947435736656189 0.03866254538297653 -0.06419956684112549 -0.005302716977894306 -0.04435981437563896 -0.029073216021060944 0.9985784292221069
1772378257.591418982 0.9514790177345276 0.03894492983818054 -0.06510269641876221 -0.00535366078838706 -0.045382265001535416 -0.029286516830325127 0.9985259771347046
1772378257.650321484 0.9356557130813599 0.040479280054569244 -0.0452427864074707 -0.002998573472723365 -0.03581554815173149 -0.02826129086315632 0.9989542365074158
1772378257.666012287 0.9543991684913635 0.03857187181711197 -0.06172335147857666 -0.0056356326676905155 -0.044574253261089325 -0.029276994988322258 0.9985610842704773
1772378257.699803591 0.9602298140525818 0.03966870158910751 -0.0642397403717041 -0.0063191913068294525 -0.04657336324453354 -0.030151160433888435 0.9984397292137146
1772378257.721793175 0.9893537759780884 0.0366261824965477 -0.0891120433807373 -0.005120127461850643 -0.06004928797483444 -0.02879497967660427 0.9977668523788452
1772378257.747311354 0.9578929543495178 0.0401659794151783 -0.054850220680236816 -0.004541422706097364 -0.04293648898601532 -0.02922743186354637 0.9986398220062256
1772378257.806368589 0.9632837772369385 0.03785247355699539 -0.05690765380859375 -0.005520238541066647 -0.04495210200548172 -0.029305683448910713 0.998543918132782
1772378257.828937769 0.9946064949035645 0.03616446256637573 -0.08407711982727051 -0.006607710383832455 -0.05942193791270256 -0.02969907969236374 0.9977691769599915
1772378257.863003016 0.9882782101631165 0.0377676784992218 -0.07468008995056152 -0.004441958386451006 -0.05568773299455643 -0.02888890542089939 0.998020350933075
1772378257.883623362 0.987810492515564 0.038715213537216187 -0.07089412212371826 -0.004792969673871994 -0.0550212562084198 -0.029501987621188164 0.9980377554893494
